0.96319,0.62049,1
0.93297,0.6331,1
0.92848,0.65354,1
0.95512,0.65971,1
0.91208,0.66174,1
0.93083,0.66818,1
0.97023,0.67534,1
0.98427,0.67543,1
0.94129,0.68073,1
0.99489,0.68542,1
0.90934,0.6889,1
0.94039,0.69095,1
1,0.70546,1
0.91356,0.70831,1
0.96478,0.71049,1
0.93575,0.71644,1
0.93629,0.72793,1
0.95366,0.73368,1
0.96967,0.75137,1
0.91273,0.76049,1
0.94764,0.77873,1
0.96386,0.78038,1
0.21541,0.62951,2
0.25688,0.63942,2
0.21987,0.65468,2
0.2467,0.66203,2
0.18005,0.67191,2
0.23022,0.67715,2
0.24609,0.6818,2
0.17961,0.68953,2
0.22587,0.69391,2
0.19863,0.69668,2
0.28044,0.69928,2
0.26055,0.70269,2
0.22846,0.70435,2
0.18954,0.70532,2
0.25299,0.71294,2
0.22744,0.71864,2
0.24209,0.72776,2
0.27042,0.72795,2
0.21923,0.73809,2
0.25999,0.74185,2
0.19934,0.75612,2
0.18675,0.75613,2
0.24242,0.76295,2
0.19466,0.77024,2
0.20647,0.77312,2
0.23311,0.78719,2
0.25044,0.78774,2
0.21759,0.79366,2
0.47409,0.62709,3
0.49429,0.63564,3
0.48083,0.64094,3
0.49213,0.6606,3
0.46732,0.66392,3
0.53394,0.66955,3
0.49753,0.6739,3
0.45934,0.67998,3
0.53642,0.68435,3
0.48503,0.69336,3
0.51882,0.69569,3
0.47615,0.6972,3
0.43644,0.69858,3
0.4935,0.7097,3
0.42365,0.71,3
0.5037,0.71064,3
0.44639,0.71696,3
0.522,0.72802,3
0.47117,0.73672,3
0.53239,0.73943,3
0.48822,0.74687,3
0.47625,0.7601,3
0.45276,0.76422,3
0.44282,0.7665,3
0.48944,0.77016,3
0.49767,0.78975,3
0.46358,0.79087,3
0.46931,0.80144,3
0.69994,0.0038226,4
0.71164,0.015323,4
0.65454,0.019618,4
0.70711,0.033269,4
0.65772,0.038362,4
0.64521,0.040334,4
0.73683,0.041257,4
0.67835,0.057215,4
0.74042,0.057558,4
0.65626,0.063718,4
0.76041,0.064954,4
0.7268,0.070562,4
0.74411,0.073179,4
0.65089,0.077784,4
0.64323,0.079124,4
0.71154,0.081156,4
0.69054,0.082899,4
0.61662,0.091111,4
0.68189,0.09881,4
0.77896,0.099489,4
0.77003,0.099898,4
0.70881,0.10086,4
0.71765,0.10458,4
0.6614,0.10689,4
0.7529,0.10706,4
0.76296,0.11168,4
0.62236,0.11508,4
0.64013,0.13585,4
0.6209,0.1618,4
0.63603,0.18694,4
0.61252,0.19613,4
0.64591,0.21261,4
0.63889,0.21537,4
0.62757,0.22519,4
0.61106,0.24356,4
0.63077,0.24733,4
0.62468,0.24817,4
0.65388,0.24822,4
0.63011,0.25947,4
0.69867,0.2599,4
0.67946,0.2691,4
0.71483,0.27446,4
0.65246,0.27594,4
0.73173,0.2921,4
0.65887,0.29454,4
0.7123,0.29617,4
0.68804,0.29623,4
0.64956,0.30085,4
0.66783,0.30173,4
0.66455,0.30918,4
0.69772,0.31008,4
0.73474,0.18736,5
0.74587,0.18772,5
0.78251,0.19627,5
0.77797,0.19938,5
0.7319,0.20207,5
0.71842,0.20862,5
0.73969,0.22081,5
0.77848,0.22127,5
0.75804,0.23044,5
0.75043,0.24159,5
0.76785,0.24779,5
0.79858,0.25296,5
0.83608,0.25736,5
0.79039,0.2657,5
0.8395,0.26651,5
0.8043,0.2761,5
0.80349,0.28278,5
0.81638,0.29591,5
0.82298,0.31645,5
0.83198,0.34098,5
0.80564,0.35087,5
0.83396,0.37414,5
0.81067,0.38326,5
0.79293,0.38751,5
0.69665,0.39058,5
0.82847,0.39165,5
0.68305,0.39713,5
0.80494,0.39714,5
0.76879,0.40704,5
0.81775,0.40882,5
0.70769,0.41056,5
0.66447,0.41076,5
0.78183,0.41772,5
0.78971,0.42117,5
0.71565,0.42871,5
0.733,0.43023,5
0.68515,0.43054,5
0.77424,0.44068,5
0.73367,0.44439,5
0.81353,0.44731,5
0.70268,0.45503,5
0.77161,0.45955,5
0.73087,0.46082,5
0.71069,0.47523,5
0.80111,0.47558,5
0.7617,0.48138,5
0.74496,0.4904,5
0.78494,0.4984,5
0.75654,0.50309,5
0.079082,0.23102,6
0.198,0.23166,6
0.063501,0.23205,6
0.28445,0.23429,6
0.12131,0.23437,6
0.35654,0.23504,6
0.31235,0.23673,6
0.42596,0.23801,6
0.46976,0.23852,6
0.24303,0.23906,6
0.035835,0.24178,6
0.44941,0.24507,6
0.10056,0.24519,6
0.26755,0.24543,6
0.31164,0.24569,6
0.3841,0.24633,6
0.34178,0.25063,6
0.15062,0.25081,6
0.41531,0.2509,6
0.4369,0.25091,6
0.37621,0.25155,6
0.2081,0.25295,6
0.1679,0.25572,6
0.3174,0.25693,6
0.021196,0.25826,6
0.076831,0.25941,6
0.25518,0.26009,6
0.39744,0.26029,6
0.29093,0.26152,6
0.21702,0.26197,6
0.095334,0.26543,6
0.20333,0.26553,6
0.36148,0.26821,6
0.16117,0.26833,6
0.27114,0.26888,6
0.12018,0.27105,6
0.1061,0.27396,6
0.23317,0.27667,6
0.39315,0.27766,6
0.11353,0.2788,6
0.26216,0.2816,6
0.31383,0.282,6
0.24683,0.28467,6
0.085128,0.28571,6
0.44649,0.28632,6
0.42964,0.28707,6
0.017868,0.28912,6
0.35477,0.29034,6
0.049875,0.29437,6
0.39922,0.29572,6
0.13655,0.29584,6
0.10337,0.29657,6
0.22598,0.29816,6
0.18466,0.30163,6
0.14315,0.30294,6
0.2441,0.3031,6
0.16259,0.30344,6
0.3794,0.30805,6
0.14796,0.30915,6
0.28326,0.30957,6
0.33351,0.31167,6
0.015143,0.31231,6
0.25103,0.31308,6
0.075242,0.31323,6
0.43384,0.31329,6
0.044545,0.31376,6
0.41025,0.31462,6
0.25918,0.31797,6
0.27014,0.31873,6
0.097316,0.31919,6
0.19056,0.31973,6
0.20723,0.32066,6
0.47444,0.32068,6
0.23565,0.32374,6
0.14865,0.32414,6
0.46439,0.32448,6
0.028469,0.32675,6
0.084025,0.32947,6
0.43617,0.33011,6
0.30217,0.33019,6
0.34359,0.3314,6
0.020071,0.33189,6
0.46311,0.33554,6
0.27628,0.33557,6
0.041966,0.33732,6
0.38933,0.34184,6
0.41236,0.48064,7
0.30775,0.48087,7
0.29094,0.48214,7
0.39299,0.48239,7
0.3545,0.49467,7
0.48447,0.49971,7
0.33574,0.5001,7
0.2596,0.50265,7
0.23167,0.50493,7
0.30817,0.50811,7
0.37342,0.51176,7
0.34003,0.51228,7
0.23455,0.5124,7
0.47222,0.51279,7
0.48376,0.51376,7
0.27729,0.51445,7
0.41168,0.51503,7
0.51748,0.51638,7
0.17256,0.52097,7
0.50142,0.52109,7
0.36265,0.52391,7
0.53407,0.52422,7
0.26589,0.52674,7
0.29247,0.52775,7
0.38266,0.52825,7
0.44615,0.52866,7
0.41012,0.53015,7
0.2177,0.53017,7
0.19672,0.53027,7
0.14442,0.53144,7
0.57396,0.53182,7
0.50023,0.53887,7
0.31433,0.53971,7
0.4768,0.54027,7
0.16091,0.54077,7
0.32724,0.54139,7
0.3403,0.54188,7
0.26013,0.54474,7
0.5567,0.54619,7
0.50075,0.54636,7
0.14659,0.54652,7
0.22364,0.54683,7
0.5268,0.54694,7
0.43082,0.54717,7
0.20132,0.5501,7
0.56931,0.55267,7
0.3839,0.55469,7
0.41985,0.55509,7
0.42747,0.55672,7
0.47739,0.55719,7
0.34717,0.55792,7
0.2781,0.5589,7
0.49765,0.55906,7
0.51364,0.55998,7
0.61319,0.5603,7
0.23111,0.56518,7
0.39234,0.56664,7
0.31793,0.5669,7
0.2703,0.56742,7
0.19073,0.56792,7
0.34496,0.56894,7
0.27564,0.57223,7
0.086597,0.5725,7
0.11705,0.57329,7
0.2065,0.57538,7
0.59014,0.57769,7
0.1327,0.57832,7
0.14365,0.57848,7
0.57077,0.57959,7
0.4985,0.58329,7
0.18099,0.58461,7
0.15304,0.58614,7
0.58125,0.58791,7
0.53926,0.58877,7
0.052895,0.59036,7
0.62929,0.59364,7
0.60024,0.59387,7
0.078276,0.59499,7
0.65754,0.59921,7
0.16518,0.60245,7
0.56352,0.60634,7
0.591,0.61237,7
0.56995,0.61248,7
0.093264,0.61612,7
0.12911,0.61619,7
0.05475,0.62323,7
0.072792,0.62694,7
0.58297,0.62925,7
0.065205,0.63088,7
0.045249,0.63184,7
0.66222,0.63239,7
0.020055,0.63623,7
0.62618,0.63727,7
0.64051,0.63863,7
0.64785,0.63996,7
0.062398,0.64262,7
0.6034,0.6458,7
0.031163,0.6485,7
0.078492,0.66264,7
0.61428,0.66489,7
0.040036,0.66954,7
0.67815,0.67392,7
0.059026,0.67584,7
0.63506,0.67824,7
0.022545,0.68516,7
0.65304,0.69085,7
0,0.69355,7
0.68751,0.69755,7
0.015221,0.70381,7
0.055782,0.70988,7
0.67421,0.71327,7
0.63962,0.71684,7
0.62904,0.71833,7
0.050004,0.72118,7
0.032527,0.72849,7
0.64873,0.73275,7
0.048858,0.73806,7
0.64271,0.74437,7
0.6917,0.7474,7
0.64806,0.74935,7
0.081015,0.7542,7
0.033986,0.75797,7
0.68427,0.767,7
0.67128,0.76984,7
0.013779,0.77618,7
0.6514,0.77634,7
0.066822,0.78356,7
0.60896,0.78892,7
0.58603,0.78955,7
0.64648,0.79118,7
0.095487,0.79171,7
0.63478,0.79594,7
0.66374,0.7982,7
0.11487,0.79881,7
0.56774,0.80224,7
0.069804,0.80404,7
0.13435,0.80627,7
0.094522,0.80826,7
0.63378,0.80944,7
0.098528,0.81417,7
0.0318,0.81497,7
0.54912,0.82018,7
0.066462,0.82077,7
0.63224,0.82119,7
0.56024,0.82847,7
0.10016,0.82865,7
0.1238,0.82893,7
0.59679,0.82957,7
0.60791,0.83333,7
0.13564,0.83462,7
0.15735,0.83503,7
0.18299,0.83518,7
0.57918,0.83781,7
0.20878,0.84086,7
0.51557,0.84092,7
0.5545,0.84145,7
0.59173,0.84146,7
0.54253,0.84463,7
0.10646,0.84538,7
0.1625,0.8456,7
0.083419,0.84771,7
0.4946,0.84992,7
0.16184,0.85216,7
0.12826,0.85358,7
0.32499,0.85554,7
0.17655,0.85562,7
0.41791,0.85624,7
0.56495,0.8591,7
0.38752,0.86053,7
0.23902,0.86109,7
0.1201,0.86231,7
0.082632,0.86283,7
0.43259,0.86288,7
0.43784,0.86317,7
0.32571,0.86585,7
0.3656,0.86635,7
0.29801,0.86688,7
0.40302,0.86984,7
0.25141,0.8706,7
0.47172,0.87416,7
0.49234,0.87436,7
0.4001,0.87567,7
0.55132,0.87918,7
0.31563,0.87952,7
0.38524,0.88125,7
0.17152,0.88137,7
0.26987,0.8817,7
0.5887,0.88234,7
0.1319,0.88313,7
0.21142,0.88563,7
0.28322,0.88588,7
0.26665,0.88633,7
0.14487,0.88716,7
0.4441,0.8872,7
0.30068,0.88752,7
0.55966,0.88992,7
0.19567,0.89235,7
0.36409,0.89309,7
0.24406,0.89374,7
0.54736,0.89721,7
0.47518,0.89922,7
0.45532,0.90069,7
0.40685,0.90087,7
0.52492,0.90333,7
0.48748,0.90344,7
0.13294,0.90507,7
0.42695,0.90579,7
0.17452,0.90773,7
0.24793,0.90883,7
0.19153,0.91038,7
0.29915,0.91184,7
0.22981,0.91489,7
0.28116,0.91602,7
0.44921,0.91643,7
0.39814,0.91915,7
0.24501,0.92128,7
0.4692,0.9223,7
0.31242,0.92565,7
0.21031,0.92659,7
0.37864,0.92668,7
0.41599,0.92816,7
0.29234,0.93015,7
0.24202,0.93179,7
0.27175,0.93295,7
0.37004,0.93793,7
0.42717,0.93856,7
0.32302,0.065936,8
0.26939,0.066617,8
0.44459,0.067101,8
0.1555,0.068053,8
0.21303,0.072999,8
0.16792,0.073332,8
0.060688,0.074674,8
0.2853,0.075332,8
0.40346,0.076605,8
0.047534,0.080348,8
0.38658,0.0811,8
0.46708,0.082533,8
0.21041,0.082801,8
0.30039,0.083153,8
0.024952,0.084654,8
0.083894,0.085148,8
0.47694,0.087732,8
0.069966,0.088806,8
0.31421,0.089288,8
0.12153,0.091498,8
0.26433,0.091588,8
0.35769,0.096115,8
0.25157,0.096129,8
0.030998,0.096367,8
0.40608,0.097163,8
0.044735,0.097421,8
0.13723,0.098258,8
0.19589,0.10217,8
0.099773,0.10448,8
0.15368,0.10462,8
0.33034,0.10792,8
0.19364,0.10947,8
0.41741,0.11104,8
0.13134,0.11357,8
0.23973,0.11396,8
0.22291,0.11418,8
0.2913,0.116,8
0.092108,0.11757,8
0.43468,0.11791,8
0.47779,0.11974,8
0.20863,0.12029,8
0.10903,0.12152,8
0.38955,0.12195,8
0.31951,0.12367,8
0.17009,0.12389,8
0.25541,0.1251,8
0.452,0.12585,8
0.35022,0.12595,8
0.4021,0.1287,8
0.4369,0.12961,8
0.2436,0.13067,8
0.27298,0.13075,8
0.41193,0.13151,8
0.37558,0.13218,8
0.3379,0.13256,8
0.015957,0.13272,8
0.032776,0.13376,8
0.3114,0.13527,8
0.1113,0.13553,8
0.38299,0.1404,8
0.16259,0.14144,8
0.078649,0.14502,8
0.03549,0.14515,8
0.337,0.14604,8
0.094081,0.14634,8
0.13343,0.14722,8
0.22701,0.14739,8
0.4627,0.14919,8
0.27365,0.14959,8
0.1881,0.15038,8
0.43343,0.15284,8
0.45545,0.15344,8
0.12915,0.15364,8
0.29614,0.1544,8
0.14656,0.16337,8
0.010536,0.16413,8
0.17198,0.16527,8
0.32193,0.16611,8
0.053986,0.17003,8
0.40025,0.17319,8
0.36764,0.17331,8
0.22067,0.17861,8
0.94542,0.092711,9
0.92523,0.096183,9
0.91827,0.097062,9
0.94727,0.11043,9
0.90183,0.11694,9
0.92039,0.11782,9
0.9409,0.11806,9
0.96078,0.13318,9
0.94415,0.14742,9
0.9293,0.17108,9
0.91522,0.183,9
0.94337,0.19043,9
0.92035,0.19808,9
0.95957,0.2002,9
0.90595,0.21278,9
0.88881,0.2176,9
0.92397,0.21828,9
0.96566,0.22736,9
0.93933,0.23761,9
0.96018,0.24747,9
0.91079,0.24768,9
0.89633,0.25436,9
0.94286,0.26451,9
0.90202,0.26828,9
0.95828,0.28305,9
0.93221,0.28863,9
0.903,0.29356,9
0.94531,0.29883,9
0.87758,0.30351,9
0.89745,0.30724,9
0.95863,0.31275,9
0.9373,0.31835,9
0.92142,0.32621,9
0.95668,0.32767,9
0.92643,0.33242,9
0.89161,0.34256,9
0.95805,0.35141,9
0.93074,0.35553,9
0.8756,0.36375,9
0.92207,0.37168,9
0.89436,0.37216,9
0.88592,0.37398,9
0.89454,0.38763,9
0.95789,0.39133,9
0.91962,0.40024,9
0.88824,0.4113,9
0.92256,0.41897,9
0.87999,0.42447,9
0.87156,0.4338,9
0.89954,0.43601,9
0.95352,0.44934,9
0.931,0.4544,9
0.89265,0.46353,9
0.89577,0.47694,9
0.95593,0.47702,9
0.86903,0.49779,9
0.88487,0.51184,9
0.90338,0.51626,9
0.87456,0.51672,9
0.92189,0.52118,9
0.88192,0.5307,9
0.8595,0.53384,9
0.92484,0.5376,9
0.86248,0.54983,9
0.79987,0.55491,9
0.91952,0.55705,9
0.853,0.56293,9
0.91366,0.56538,9
0.81962,0.56619,9
0.80664,0.56927,9
0.86083,0.56944,9
0.89404,0.56961,9
0.87174,0.57401,9
0.78071,0.58187,9
0.85227,0.5892,9
0.79904,0.59037,9
0.86177,0.59128,9
0.84639,0.59139,9
0.82087,0.5926,9
0.84943,0.59832,9
0.88064,0.60023,9
0.83634,0.60379,9
0.80583,0.60852,9
0.81521,0.61176,9
0.84421,0.61594,9
0.76808,0.61631,9
0.80555,0.62023,9
0.79234,0.62276,9
0.77954,0.62668,9
0.8642,0.6407,9
0.82974,0.64268,9
0.82717,0.6494,9
0.78825,0.65092,9
0.80241,0.66053,9
0.76305,0.66121,9
0.74246,0.67086,9
0.81773,0.67304,9
0.77105,0.69252,9
0.73468,0.69713,9
0.7921,0.7005,9
0.75045,0.71152,9
0.79943,0.72069,9
0.74498,0.72131,9
0.77085,0.72268,9
0.81895,0.73468,9
0.78341,0.73768,9
0.74902,0.73893,9
0.76729,0.74493,9
0.72043,0.75326,9
0.75345,0.77205,9
0.80361,0.77311,9
0.76983,0.77793,9
0.73734,0.77892,9
0.78536,0.7802,9
0.82351,0.78914,9
0.84753,0.79388,9
0.82691,0.80865,9
0.79144,0.80952,9
0.90812,0.81372,9
0.80988,0.81377,9
0.7214,0.8174,9
0.839,0.81928,9
0.90789,0.8252,9
0.76855,0.82527,9
0.7536,0.83124,9
0.8102,0.83289,9
0.90229,0.83673,9
0.85049,0.84156,9
0.74884,0.8419,9
0.95682,0.84675,9
0.7222,0.84759,9
0.95081,0.84813,9
0.88462,0.85039,9
0.92013,0.85061,9
0.86019,0.85556,9
0.74646,0.85659,9
0.92739,0.85901,9
0.81652,0.86277,9
0.77156,0.86806,9
0.95716,0.86811,9
0.84892,0.86865,9
0.75701,0.87005,9
0.83128,0.87614,9
0.79022,0.87694,9
0.9097,0.8775,9
0.92979,0.87982,9
0.7971,0.8815,9
0.95702,0.88337,9
0.76566,0.88447,9
0.73921,0.89295,9
0.89678,0.89426,9
0.93382,0.89744,9
0.96625,0.8987,9
0.86648,0.89871,9
0.80277,0.89991,9
0.81101,0.90474,9
0.9206,0.90855,9
0.77615,0.91,9
0.80014,0.91513,9
0.72073,0.91541,9
0.87076,0.91649,9
0.9935,0.91667,9
0.97181,0.91722,9
0.83077,0.9255,9
0.76183,0.92645,9
0.90582,0.92937,9
0.93903,0.93153,9
0.79855,0.93379,9
0.88384,0.9344,9
0.76115,0.93696,9
0.94309,0.9436,9
0.87774,0.94998,9
0.80729,0.95127,9
0.96447,0.95229,9
0.81436,0.95658,9
0.85532,0.95944,9
0.78208,0.96867,9
0.9165,0.96924,9
0.81308,0.96929,9
0.80207,0.97157,9
0.95259,0.97219,9
0.89176,0.9762,9
0.90557,0.97707,9
0.82666,0.98121,9
0.83948,0.99055,9
