0.95804,0.62875,1
0.95992,0.64016,1
0.92025,0.65029,1
0.92795,0.66606,1
0.95035,0.67257,1
0.9193,0.67624,1
0.93756,0.67763,1
0.99666,0.68231,1
0.97125,0.6849,1
0.9322,0.69337,1
0.99122,0.70818,1
0.90708,0.71032,1
0.9317,0.71773,1
0.91045,0.72046,1
0.94813,0.72166,1
0.97953,0.72228,1
0.96195,0.72492,1
0.929,0.73016,1
0.94548,0.74225,1
0.90992,0.75253,1
0.96532,0.75323,1
0.25141,0.62983,2
0.21506,0.63375,2
0.22184,0.65037,2
0.20871,0.66248,2
0.24326,0.66831,2
0.23502,0.67697,2
0.20364,0.67766,2
0.25465,0.67781,2
0.17404,0.67796,2
0.26448,0.68394,2
0.22254,0.69125,2
0.28411,0.69431,2
0.18324,0.7018,2
0.26665,0.7057,2
0.24882,0.71288,2
0.21361,0.71672,2
0.23199,0.7175,2
0.22705,0.72899,2
0.17626,0.73018,2
0.25927,0.7341,2
0.2474,0.73728,2
0.20192,0.75955,2
0.22991,0.76602,2
0.19713,0.7688,2
0.19228,0.77392,2
0.22075,0.77893,2
0.23964,0.78166,2
0.25595,0.78409,2
0.21797,0.79155,2
0.46445,0.62712,3
0.48034,0.6385,3
0.46212,0.64737,3
0.44433,0.66222,3
0.50572,0.66654,3
0.52852,0.66824,3
0.48189,0.68004,3
0.51306,0.68043,3
0.54299,0.68251,3
0.49822,0.68839,3
0.46118,0.6905,3
0.5115,0.70784,3
0.47667,0.71202,3
0.43795,0.71211,3
0.53583,0.71652,3
0.43106,0.71656,3
0.4872,0.72492,3
0.45003,0.72705,3
0.47312,0.72812,3
0.50334,0.73146,3
0.52344,0.73957,3
0.48564,0.75637,3
0.44474,0.7635,3
0.49877,0.76717,3
0.45726,0.77161,3
0.50681,0.78164,3
0.46289,0.78203,3
0.46255,0.80586,3
0.67529,0,4
0.70957,0.014783,4
0.6611,0.028349,4
0.71007,0.032569,4
0.68856,0.032987,4
0.69706,0.045441,4
0.75603,0.048329,4
0.66272,0.049177,4
0.7281,0.05019,4
0.64053,0.05178,4
0.70402,0.063166,4
0.73289,0.066197,4
0.67652,0.067411,4
0.66159,0.070431,4
0.76127,0.077986,4
0.64351,0.0814,4
0.65994,0.089445,4
0.69964,0.10022,4
0.68756,0.10124,4
0.77776,0.10567,4
0.7687,0.10676,4
0.74309,0.10756,4
0.71426,0.10833,4
0.65052,0.10906,4
0.62627,0.11052,4
0.76638,0.12574,4
0.63167,0.13952,4
0.62139,0.16982,4
0.63385,0.18824,4
0.61773,0.20158,4
0.65171,0.21623,4
0.63635,0.22034,4
0.60893,0.22254,4
0.63752,0.24134,4
0.6267,0.24358,4
0.61633,0.24491,4
0.62437,0.2512,4
0.66349,0.25333,4
0.69516,0.26598,4
0.70694,0.27002,4
0.71327,0.27002,4
0.62324,0.27664,4
0.73392,0.2874,4
0.6775,0.28872,4
0.64707,0.29073,4
0.65569,0.29765,4
0.70503,0.30114,4
0.68606,0.30349,4
0.67205,0.3046,4
0.63918,0.30471,4
0.72246,0.3263,4
0.72181,0.18029,5
0.74424,0.18489,5
0.73102,0.19502,5
0.78768,0.20085,5
0.72321,0.20222,5
0.74196,0.20235,5
0.77578,0.20527,5
0.76258,0.23029,5
0.80017,0.2363,5
0.74083,0.24001,5
0.83759,0.24659,5
0.76342,0.24913,5
0.81009,0.26712,5
0.82465,0.27122,5
0.77742,0.27165,5
0.80283,0.28526,5
0.79924,0.29608,5
0.82015,0.29684,5
0.81955,0.3075,5
0.81145,0.33596,5
0.83093,0.34412,5
0.82719,0.35335,5
0.81521,0.37877,5
0.79128,0.38041,5
0.80593,0.3907,5
0.78561,0.39561,5
0.72754,0.39688,5
0.70327,0.39794,5
0.69065,0.40636,5
0.81573,0.4087,5
0.79563,0.41356,5
0.7474,0.41542,5
0.67698,0.41903,5
0.77492,0.42014,5
0.7203,0.42308,5
0.71278,0.43609,5
0.73436,0.43952,5
0.74232,0.44411,5
0.7763,0.44888,5
0.80827,0.44923,5
0.77013,0.45984,5
0.71194,0.46293,5
0.73555,0.46842,5
0.75514,0.47903,5
0.70972,0.48449,5
0.73896,0.4903,5
0.77682,0.49819,5
0.75862,0.50179,5
0.75139,0.50662,5
0.094398,0.23044,6
0.19618,0.23264,6
0.2758,0.23279,6
0.06207,0.23313,6
0.17301,0.23463,6
0.043737,0.23477,6
0.43708,0.2364,6
0.35132,0.23654,6
0.38707,0.23805,6
0.45374,0.23936,6
0.47355,0.24133,6
0.32419,0.24223,6
0.33966,0.24427,6
0.092178,0.24436,6
0.13249,0.24574,6
0.26928,0.24602,6
0.24633,0.24886,6
0.22348,0.24976,6
0.43249,0.25007,6
0.074685,0.25025,6
0.30925,0.25156,6
0.37089,0.25186,6
0.29497,0.25423,6
0.15111,0.25568,6
0.21985,0.25845,6
0.047356,0.25935,6
0.2718,0.26241,6
0.13539,0.2626,6
0.024291,0.2633,6
0.40208,0.26556,6
0.17571,0.26651,6
0.35927,0.26892,6
0.41158,0.26986,6
0.11123,0.27136,6
0.3003,0.27508,6
0.096518,0.27955,6
0.24208,0.27992,6
0.47607,0.28005,6
0.35897,0.28019,6
0.2523,0.28027,6
0.38218,0.28093,6
0.3943,0.28571,6
0.30567,0.28572,6
0.20533,0.28601,6
0.11747,0.28644,6
0.22453,0.2885,6
0.018599,0.28996,6
0.14082,0.29226,6
0.45236,0.29509,6
0.046501,0.29583,6
0.43926,0.29727,6
0.1811,0.29808,6
0.17114,0.29917,6
0.33609,0.30144,6
0.25681,0.30202,6
0.27521,0.30209,6
0.13842,0.30256,6
0.10229,0.30407,6
0.036883,0.3054,6
0.39223,0.30787,6
0.19463,0.30889,6
0.09095,0.31037,6
0.44158,0.3105,6
0.40534,0.3122,6
0.42159,0.31557,6
0.46566,0.31601,6
0.14068,0.31633,6
0.025282,0.31709,6
0.2615,0.31861,6
0.35768,0.31918,6
0.22944,0.32004,6
0.040461,0.32009,6
0.11931,0.32084,6
0.16359,0.32112,6
0.069645,0.32254,6
0.21005,0.32269,6
0.29912,0.3235,6
0.094841,0.32634,6
0.24455,0.32758,6
0.19194,0.328,6
0.35312,0.33043,6
0.46462,0.3314,6
0.28186,0.33216,6
0.033879,0.33345,6
0.45791,0.33484,6
0.053412,0.33627,6
0.33484,0.48039,7
0.3092,0.48454,7
0.27085,0.49069,7
0.35824,0.49071,7
0.41862,0.49097,7
0.54574,0.49924,7
0.39586,0.5002,7
0.23055,0.50096,7
0.1982,0.50335,7
0.4641,0.50597,7
0.24217,0.50659,7
0.28204,0.50901,7
0.37456,0.5124,7
0.34354,0.51383,7
0.53488,0.5156,7
0.49067,0.51587,7
0.25686,0.51696,7
0.52114,0.5206,7
0.51076,0.5207,7
0.41454,0.52183,7
0.39687,0.52239,7
0.21248,0.5228,7
0.28784,0.52457,7
0.32279,0.52477,7
0.38601,0.52652,7
0.16475,0.52679,7
0.18213,0.5269,7
0.35739,0.52947,7
0.46193,0.53186,7
0.24678,0.53312,7
0.33662,0.53437,7
0.50182,0.53701,7
0.42222,0.53822,7
0.49818,0.54427,7
0.47318,0.54497,7
0.45461,0.54548,7
0.26759,0.54564,7
0.59606,0.54722,7
0.15354,0.54727,7
0.56659,0.54958,7
0.31707,0.54999,7
0.3456,0.55029,7
0.52316,0.55087,7
0.3294,0.55094,7
0.39902,0.55109,7
0.14104,0.5521,7
0.26101,0.55216,7
0.42836,0.5534,7
0.5405,0.55361,7
0.47819,0.55414,7
0.15624,0.55698,7
0.206,0.55716,7
0.10489,0.56062,7
0.4114,0.56104,7
0.38418,0.56324,7
0.24149,0.56365,7
0.29593,0.56444,7
0.34207,0.56666,7
0.6159,0.56767,7
0.26648,0.5685,7
0.49396,0.56971,7
0.18613,0.57043,7
0.27359,0.57236,7
0.58244,0.57349,7
0.12967,0.57423,7
0.60519,0.57693,7
0.19864,0.57914,7
0.53284,0.58099,7
0.17807,0.58192,7
0.079445,0.58378,7
0.066098,0.58481,7
0.20711,0.58821,7
0.51291,0.58841,7
0.58447,0.58913,7
0.14507,0.59284,7
0.59788,0.59429,7
0.62476,0.59616,7
0.54171,0.59799,7
0.65702,0.60005,7
0.14925,0.60478,7
0.56163,0.60576,7
0.039651,0.60738,7
0.10906,0.61198,7
0.59952,0.61973,7
0.057916,0.62048,7
0.082207,0.62126,7
0.62345,0.62711,7
0.11656,0.62912,7
0.58059,0.63174,7
0.60851,0.63191,7
0.66233,0.63244,7
0.064268,0.63251,7
0.040807,0.63727,7
0.019657,0.63782,7
0.63888,0.64209,7
0.66588,0.64283,7
0.074605,0.64449,7
0.015635,0.64935,7
0.60651,0.65042,7
0.068231,0.66181,7
0.043773,0.66216,7
0.62265,0.66746,7
0.037466,0.66966,7
0.62151,0.68052,7
0.69366,0.68073,7
0.67097,0.68841,7
0.0067302,0.69605,7
0.63134,0.69741,7
0.02777,0.69989,7
0.051942,0.70008,7
0.69908,0.70133,7
0.012605,0.71557,7
0.66951,0.71589,7
0.63118,0.72118,7
0.03638,0.72996,7
0.64733,0.7351,7
0.67754,0.73552,7
0.071001,0.73612,7
0.64437,0.74455,7
0.016477,0.74775,7
0.63781,0.75059,7
0.029192,0.752,7
0.68825,0.76194,7
0.65239,0.76898,7
0.6665,0.77366,7
0.081573,0.77465,7
0.61498,0.77546,7
0.67213,0.78182,7
0.64401,0.79031,7
0.044504,0.79239,7
0.088937,0.79259,7
0.62517,0.79511,7
0.10834,0.80218,7
0.57801,0.80233,7
0.076898,0.80434,7
0.059805,0.80605,7
0.13346,0.80616,7
0.65193,0.80677,7
0.040365,0.80908,7
0.60509,0.81005,7
0.085463,0.81416,7
0.55308,0.81486,7
0.57158,0.82285,7
0.53158,0.8231,7
0.63142,0.82509,7
0.053097,0.82837,7
0.12716,0.83056,7
0.10179,0.83238,7
0.11857,0.83435,7
0.54472,0.83457,7
0.6197,0.8366,7
0.08424,0.83692,7
0.60865,0.83861,7
0.16345,0.84049,7
0.15168,0.84373,7
0.23237,0.84568,7
0.082994,0.84574,7
0.58798,0.84628,7
0.56108,0.85065,7
0.18824,0.85098,7
0.42582,0.85167,7
0.52527,0.85405,7
0.090757,0.85452,7
0.56956,0.85453,7
0.25852,0.85661,7
0.37685,0.85662,7
0.49567,0.85752,7
0.43973,0.85785,7
0.1177,0.85954,7
0.43578,0.85957,7
0.23603,0.86,7
0.16686,0.86002,7
0.1751,0.8616,7
0.58631,0.86337,7
0.29652,0.86364,7
0.3317,0.86435,7
0.39474,0.86466,7
0.45843,0.86558,7
0.1879,0.86806,7
0.22542,0.86832,7
0.32212,0.87035,7
0.5239,0.8714,7
0.40942,0.87371,7
0.36772,0.87449,7
0.13965,0.8746,7
0.21298,0.87572,7
0.23831,0.87763,7
0.26946,0.8779,7
0.1493,0.8791,7
0.28011,0.8793,7
0.10711,0.88144,7
0.37912,0.8821,7
0.42435,0.88593,7
0.50962,0.88645,7
0.36935,0.8867,7
0.17392,0.88878,7
0.44655,0.88963,7
0.46791,0.89084,7
0.55266,0.8909,7
0.30227,0.8912,7
0.28622,0.89654,7
0.13509,0.89788,7
0.16304,0.90074,7
0.52943,0.90196,7
0.31002,0.90313,7
0.24859,0.90388,7
0.38832,0.90391,7
0.44827,0.90495,7
0.45989,0.9077,7
0.42092,0.90809,7
0.21375,0.91048,7
0.24733,0.9127,7
0.29116,0.91497,7
0.18667,0.9204,7
0.37517,0.92124,7
0.48656,0.92134,7
0.22041,0.92177,7
0.38719,0.92763,7
0.43654,0.92887,7
0.23779,0.93089,7
0.32896,0.93143,7
0.4214,0.9318,7
0.27318,0.93234,7
0.36001,0.94432,7
0.28356,0.94548,7
0.39,0.95302,7
0.30707,0.057426,8
0.05786,0.066751,8
0.32923,0.06728,8
0.18556,0.067325,8
0.16714,0.06755,8
0.40843,0.069164,8
0.036843,0.069268,8
0.36168,0.073064,8
0.20339,0.073666,8
0.39931,0.073849,8
0.46098,0.074234,8
0.075481,0.076972,8
0.44787,0.076979,8
0.29286,0.080233,8
0.17878,0.082974,8
0.031828,0.084311,8
0.21243,0.084816,8
0.069123,0.086052,8
0.46321,0.086292,8
0.35283,0.086825,8
0.089641,0.091736,8
0.12117,0.091851,8
0.23114,0.092748,8
0.023784,0.094865,8
0.25877,0.094865,8
0.41494,0.094882,8
0.10259,0.096796,8
0.35412,0.097384,8
0.14687,0.10194,8
0.28898,0.10356,8
0.063926,0.10544,8
0.44201,0.10838,8
0.24856,0.10873,8
0.1368,0.11056,8
0.19543,0.11127,8
0.32554,0.11519,8
0.30412,0.11543,8
0.40961,0.11565,8
0.22537,0.11752,8
0.088638,0.11861,8
0.43075,0.11954,8
0.24073,0.11965,8
0.16544,0.12004,8
0.19983,0.12035,8
0.26171,0.12072,8
0.11333,0.12095,8
0.14879,0.12257,8
0.468,0.12598,8
0.40132,0.1268,8
0.38551,0.12859,8
0.44703,0.12995,8
0.036178,0.13145,8
0.2905,0.13582,8
0.08753,0.136,8
0.31049,0.13606,8
0.37246,0.13656,8
0.10716,0.13841,8
0.17623,0.13878,8
0.2236,0.14339,8
0.3427,0.14443,8
0.23311,0.14465,8
0.4339,0.14638,8
0.39183,0.1477,8
0.11855,0.14772,8
0.33283,0.14833,8
0.45259,0.15101,8
0.046207,0.15124,8
0.16934,0.15436,8
0.27908,0.15507,8
0.47586,0.1558,8
0.33631,0.15669,8
0.41858,0.15965,8
0.14716,0.16235,8
0.090965,0.16554,8
0.34702,0.16561,8
0.051573,0.16597,8
0.21936,0.16983,8
0.32028,0.17093,8
0.28224,0.17279,8
0.13573,0.17323,8
0.20218,0.1733,8
0.38822,0.17875,8
0.92994,0.069794,9
0.94239,0.070701,9
0.91458,0.093324,9
0.92292,0.095915,9
0.94897,0.099621,9
0.92531,0.12236,9
0.94783,0.12381,9
0.9632,0.1266,9
0.93674,0.14595,9
0.89729,0.14649,9
0.95639,0.16467,9
0.91308,0.18193,9
0.90836,0.19165,9
0.94805,0.19695,9
0.91089,0.20057,9
0.93233,0.20082,9
0.9001,0.21735,9
0.96375,0.23635,9
0.93107,0.23956,9
0.93203,0.24892,9
0.91641,0.25438,9
0.95725,0.25937,9
0.88025,0.26017,9
0.94183,0.26495,9
0.91348,0.26898,9
0.88794,0.27848,9
0.92594,0.28526,9
0.90527,0.29254,9
0.90995,0.3011,9
0.88993,0.30266,9
0.94764,0.30383,9
0.9382,0.30986,9
0.94867,0.31501,9
0.93038,0.33679,9
0.90758,0.34031,9
0.88906,0.34378,9
0.94989,0.35895,9
0.87977,0.35976,9
0.93244,0.36526,9
0.91105,0.36744,9
0.89252,0.37223,9
0.87479,0.37784,9
0.88673,0.38528,9
0.95846,0.3882,9
0.91919,0.39176,9
0.90046,0.40419,9
0.88943,0.40716,9
0.93847,0.43341,9
0.90864,0.43598,9
0.88663,0.4371,9
0.87138,0.43902,9
0.91058,0.45093,9
0.93771,0.45508,9
0.89834,0.46928,9
0.9365,0.48874,9
0.88632,0.48912,9
0.85887,0.50044,9
0.92002,0.50499,9
0.88956,0.50877,9
0.88749,0.52307,9
0.87061,0.52346,9
0.9223,0.52523,9
0.82428,0.54041,9
0.90959,0.54234,9
0.86211,0.54314,9
0.89844,0.54767,9
0.91871,0.56263,9
0.89544,0.56366,9
0.80107,0.56466,9
0.85595,0.56726,9
0.82369,0.56884,9
0.78201,0.56959,9
0.90268,0.57065,9
0.87223,0.57592,9
0.85745,0.58084,9
0.80004,0.58438,9
0.85271,0.58569,9
0.81827,0.58582,9
0.88935,0.59586,9
0.84869,0.59595,9
0.8316,0.60152,9
0.7799,0.6034,9
0.85702,0.6035,9
0.87824,0.60579,9
0.75662,0.61798,9
0.80454,0.62013,9
0.82202,0.62196,9
0.79774,0.62364,9
0.84672,0.63298,9
0.83293,0.63332,9
0.8616,0.64434,9
0.78982,0.6453,9
0.83255,0.64641,9
0.77371,0.64843,9
0.81009,0.65545,9
0.82255,0.66584,9
0.7624,0.67297,9
0.78856,0.67347,9
0.74083,0.68585,9
0.77795,0.68955,9
0.75068,0.70483,9
0.77452,0.70985,9
0.76512,0.71213,9
0.73507,0.7216,9
0.79813,0.72176,9
0.77576,0.72832,9
0.79378,0.72862,9
0.81497,0.73519,9
0.76088,0.73656,9
0.73937,0.74528,9
0.77698,0.75931,9
0.74783,0.761,9
0.77921,0.77135,9
0.79871,0.77225,9
0.79646,0.78352,9
0.82944,0.78652,9
0.7588,0.79048,9
0.85112,0.80018,9
0.81444,0.80789,9
0.91188,0.81136,9
0.72593,0.82692,9
0.90491,0.82713,9
0.80881,0.82917,9
0.89504,0.8297,9
0.82753,0.83057,9
0.7945,0.83389,9
0.90387,0.83494,9
0.94369,0.83873,9
0.75193,0.83936,9
0.77647,0.84275,9
0.95187,0.8482,9
0.92949,0.85244,9
0.78549,0.85746,9
0.80839,0.85787,9
0.75153,0.85979,9
0.92884,0.86045,9
0.73625,0.86079,9
0.95853,0.86448,9
0.83858,0.8645,9
0.88763,0.86644,9
0.8647,0.87043,9
0.78124,0.87127,9
0.81387,0.87207,9
0.75894,0.87326,9
0.89941,0.87539,9
0.74566,0.8784,9
0.79102,0.8801,9
0.94455,0.88164,9
0.93214,0.88425,9
0.84019,0.88861,9
0.96531,0.88938,9
0.7867,0.89582,9
0.88279,0.8963,9
0.93521,0.89943,9
0.985,0.90237,9
0.89529,0.90326,9
0.74132,0.90786,9
0.80702,0.90904,9
0.97724,0.91203,9
0.81637,0.9124,9
0.75394,0.92069,9
0.82623,0.92071,9
0.92504,0.92265,9
0.76417,0.92501,9
0.96208,0.92679,9
0.85093,0.93143,9
0.90101,0.93227,9
0.97985,0.93683,9
0.74323,0.93916,9
0.94124,0.94014,9
0.79222,0.94066,9
0.8031,0.94085,9
0.92909,0.94156,9
0.87541,0.94618,9
0.89104,0.9464,9
0.7466,0.94894,9
0.86029,0.95222,9
0.82058,0.95441,9
0.90455,0.96624,9
0.9575,0.96925,9
0.87677,0.97115,9
0.89196,0.97274,9
0.84135,0.97636,9
0.78327,0.97684,9
0.81621,0.98632,9
0.80649,0.98862,9
0.96319,0.62049,1
0.93297,0.6331,1
0.92848,0.65354,1
0.95512,0.65971,1
0.91208,0.66174,1
0.93083,0.66818,1
0.97023,0.67534,1
0.98427,0.67543,1
0.94129,0.68073,1
0.99489,0.68542,1
0.90934,0.6889,1
0.94039,0.69095,1
1,0.70546,1
0.91356,0.70831,1
0.96478,0.71049,1
0.93575,0.71644,1
0.93629,0.72793,1
0.95366,0.73368,1
0.96967,0.75137,1
0.91273,0.76049,1
0.94764,0.77873,1
0.96386,0.78038,1
0.21541,0.62951,2
0.25688,0.63942,2
0.21987,0.65468,2
0.2467,0.66203,2
0.18005,0.67191,2
0.23022,0.67715,2
0.24609,0.6818,2
0.17961,0.68953,2
0.22587,0.69391,2
0.19863,0.69668,2
0.28044,0.69928,2
0.26055,0.70269,2
0.22846,0.70435,2
0.18954,0.70532,2
0.25299,0.71294,2
0.22744,0.71864,2
0.24209,0.72776,2
0.27042,0.72795,2
0.21923,0.73809,2
0.25999,0.74185,2
0.19934,0.75612,2
0.18675,0.75613,2
0.24242,0.76295,2
0.19466,0.77024,2
0.20647,0.77312,2
0.23311,0.78719,2
0.25044,0.78774,2
0.21759,0.79366,2
0.47409,0.62709,3
0.49429,0.63564,3
0.48083,0.64094,3
0.49213,0.6606,3
0.46732,0.66392,3
0.53394,0.66955,3
0.49753,0.6739,3
0.45934,0.67998,3
0.53642,0.68435,3
0.48503,0.69336,3
0.51882,0.69569,3
0.47615,0.6972,3
0.43644,0.69858,3
0.4935,0.7097,3
0.42365,0.71,3
0.5037,0.71064,3
0.44639,0.71696,3
0.522,0.72802,3
0.47117,0.73672,3
0.53239,0.73943,3
0.48822,0.74687,3
0.47625,0.7601,3
0.45276,0.76422,3
0.44282,0.7665,3
0.48944,0.77016,3
0.49767,0.78975,3
0.46358,0.79087,3
0.46931,0.80144,3
0.69994,0.0038226,4
0.71164,0.015323,4
0.65454,0.019618,4
0.70711,0.033269,4
0.65772,0.038362,4
0.64521,0.040334,4
0.73683,0.041257,4
0.67835,0.057215,4
0.74042,0.057558,4
0.65626,0.063718,4
0.76041,0.064954,4
0.7268,0.070562,4
0.74411,0.073179,4
0.65089,0.077784,4
0.64323,0.079124,4
0.71154,0.081156,4
0.69054,0.082899,4
0.61662,0.091111,4
0.68189,0.09881,4
0.77896,0.099489,4
0.77003,0.099898,4
0.70881,0.10086,4
0.71765,0.10458,4
0.6614,0.10689,4
0.7529,0.10706,4
0.76296,0.11168,4
0.62236,0.11508,4
0.64013,0.13585,4
0.6209,0.1618,4
0.63603,0.18694,4
0.61252,0.19613,4
0.64591,0.21261,4
0.63889,0.21537,4
0.62757,0.22519,4
0.61106,0.24356,4
0.63077,0.24733,4
0.62468,0.24817,4
0.65388,0.24822,4
0.63011,0.25947,4
0.69867,0.2599,4
0.67946,0.2691,4
0.71483,0.27446,4
0.65246,0.27594,4
0.73173,0.2921,4
0.65887,0.29454,4
0.7123,0.29617,4
0.68804,0.29623,4
0.64956,0.30085,4
0.66783,0.30173,4
0.66455,0.30918,4
0.69772,0.31008,4
0.73474,0.18736,5
0.74587,0.18772,5
0.78251,0.19627,5
0.77797,0.19938,5
0.7319,0.20207,5
0.71842,0.20862,5
0.73969,0.22081,5
0.77848,0.22127,5
0.75804,0.23044,5
0.75043,0.24159,5
0.76785,0.24779,5
0.79858,0.25296,5
0.83608,0.25736,5
0.79039,0.2657,5
0.8395,0.26651,5
0.8043,0.2761,5
0.80349,0.28278,5
0.81638,0.29591,5
0.82298,0.31645,5
0.83198,0.34098,5
0.80564,0.35087,5
0.83396,0.37414,5
0.81067,0.38326,5
0.79293,0.38751,5
0.69665,0.39058,5
0.82847,0.39165,5
0.68305,0.39713,5
0.80494,0.39714,5
0.76879,0.40704,5
0.81775,0.40882,5
0.70769,0.41056,5
0.66447,0.41076,5
0.78183,0.41772,5
0.78971,0.42117,5
0.71565,0.42871,5
0.733,0.43023,5
0.68515,0.43054,5
0.77424,0.44068,5
0.73367,0.44439,5
0.81353,0.44731,5
0.70268,0.45503,5
0.77161,0.45955,5
0.73087,0.46082,5
0.71069,0.47523,5
0.80111,0.47558,5
0.7617,0.48138,5
0.74496,0.4904,5
0.78494,0.4984,5
0.75654,0.50309,5
0.079082,0.23102,6
0.198,0.23166,6
0.063501,0.23205,6
0.28445,0.23429,6
0.12131,0.23437,6
0.35654,0.23504,6
0.31235,0.23673,6
0.42596,0.23801,6
0.46976,0.23852,6
0.24303,0.23906,6
0.035835,0.24178,6
0.44941,0.24507,6
0.10056,0.24519,6
0.26755,0.24543,6
0.31164,0.24569,6
0.3841,0.24633,6
0.34178,0.25063,6
0.15062,0.25081,6
0.41531,0.2509,6
0.4369,0.25091,6
0.37621,0.25155,6
0.2081,0.25295,6
0.1679,0.25572,6
0.3174,0.25693,6
0.021196,0.25826,6
0.076831,0.25941,6
0.25518,0.26009,6
0.39744,0.26029,6
0.29093,0.26152,6
0.21702,0.26197,6
0.095334,0.26543,6
0.20333,0.26553,6
0.36148,0.26821,6
0.16117,0.26833,6
0.27114,0.26888,6
0.12018,0.27105,6
0.1061,0.27396,6
0.23317,0.27667,6
0.39315,0.27766,6
0.11353,0.2788,6
0.26216,0.2816,6
0.31383,0.282,6
0.24683,0.28467,6
0.085128,0.28571,6
0.44649,0.28632,6
0.42964,0.28707,6
0.017868,0.28912,6
0.35477,0.29034,6
0.049875,0.29437,6
0.39922,0.29572,6
0.13655,0.29584,6
0.10337,0.29657,6
0.22598,0.29816,6
0.18466,0.30163,6
0.14315,0.30294,6
0.2441,0.3031,6
0.16259,0.30344,6
0.3794,0.30805,6
0.14796,0.30915,6
0.28326,0.30957,6
0.33351,0.31167,6
0.015143,0.31231,6
0.25103,0.31308,6
0.075242,0.31323,6
0.43384,0.31329,6
0.044545,0.31376,6
0.41025,0.31462,6
0.25918,0.31797,6
0.27014,0.31873,6
0.097316,0.31919,6
0.19056,0.31973,6
0.20723,0.32066,6
0.47444,0.32068,6
0.23565,0.32374,6
0.14865,0.32414,6
0.46439,0.32448,6
0.028469,0.32675,6
0.084025,0.32947,6
0.43617,0.33011,6
0.30217,0.33019,6
0.34359,0.3314,6
0.020071,0.33189,6
0.46311,0.33554,6
0.27628,0.33557,6
0.041966,0.33732,6
0.38933,0.34184,6
0.41236,0.48064,7
0.30775,0.48087,7
0.29094,0.48214,7
0.39299,0.48239,7
0.3545,0.49467,7
0.48447,0.49971,7
0.33574,0.5001,7
0.2596,0.50265,7
0.23167,0.50493,7
0.30817,0.50811,7
0.37342,0.51176,7
0.34003,0.51228,7
0.23455,0.5124,7
0.47222,0.51279,7
0.48376,0.51376,7
0.27729,0.51445,7
0.41168,0.51503,7
0.51748,0.51638,7
0.17256,0.52097,7
0.50142,0.52109,7
0.36265,0.52391,7
0.53407,0.52422,7
0.26589,0.52674,7
0.29247,0.52775,7
0.38266,0.52825,7
0.44615,0.52866,7
0.41012,0.53015,7
0.2177,0.53017,7
0.19672,0.53027,7
0.14442,0.53144,7
0.57396,0.53182,7
0.50023,0.53887,7
0.31433,0.53971,7
0.4768,0.54027,7
0.16091,0.54077,7
0.32724,0.54139,7
0.3403,0.54188,7
0.26013,0.54474,7
0.5567,0.54619,7
0.50075,0.54636,7
0.14659,0.54652,7
0.22364,0.54683,7
0.5268,0.54694,7
0.43082,0.54717,7
0.20132,0.5501,7
0.56931,0.55267,7
0.3839,0.55469,7
0.41985,0.55509,7
0.42747,0.55672,7
0.47739,0.55719,7
0.34717,0.55792,7
0.2781,0.5589,7
0.49765,0.55906,7
0.51364,0.55998,7
0.61319,0.5603,7
0.23111,0.56518,7
0.39234,0.56664,7
0.31793,0.5669,7
0.2703,0.56742,7
0.19073,0.56792,7
0.34496,0.56894,7
0.27564,0.57223,7
0.086597,0.5725,7
0.11705,0.57329,7
0.2065,0.57538,7
0.59014,0.57769,7
0.1327,0.57832,7
0.14365,0.57848,7
0.57077,0.57959,7
0.4985,0.58329,7
0.18099,0.58461,7
0.15304,0.58614,7
0.58125,0.58791,7
0.53926,0.58877,7
0.052895,0.59036,7
0.62929,0.59364,7
0.60024,0.59387,7
0.078276,0.59499,7
0.65754,0.59921,7
0.16518,0.60245,7
0.56352,0.60634,7
0.591,0.61237,7
0.56995,0.61248,7
0.093264,0.61612,7
0.12911,0.61619,7
0.05475,0.62323,7
0.072792,0.62694,7
0.58297,0.62925,7
0.065205,0.63088,7
0.045249,0.63184,7
0.66222,0.63239,7
0.020055,0.63623,7
0.62618,0.63727,7
0.64051,0.63863,7
0.64785,0.63996,7
0.062398,0.64262,7
0.6034,0.6458,7
0.031163,0.6485,7
0.078492,0.66264,7
0.61428,0.66489,7
0.040036,0.66954,7
0.67815,0.67392,7
0.059026,0.67584,7
0.63506,0.67824,7
0.022545,0.68516,7
0.65304,0.69085,7
0,0.69355,7
0.68751,0.69755,7
0.015221,0.70381,7
0.055782,0.70988,7
0.67421,0.71327,7
0.63962,0.71684,7
0.62904,0.71833,7
0.050004,0.72118,7
0.032527,0.72849,7
0.64873,0.73275,7
0.048858,0.73806,7
0.64271,0.74437,7
0.6917,0.7474,7
0.64806,0.74935,7
0.081015,0.7542,7
0.033986,0.75797,7
0.68427,0.767,7
0.67128,0.76984,7
0.013779,0.77618,7
0.6514,0.77634,7
0.066822,0.78356,7
0.60896,0.78892,7
0.58603,0.78955,7
0.64648,0.79118,7
0.095487,0.79171,7
0.63478,0.79594,7
0.66374,0.7982,7
0.11487,0.79881,7
0.56774,0.80224,7
0.069804,0.80404,7
0.13435,0.80627,7
0.094522,0.80826,7
0.63378,0.80944,7
0.098528,0.81417,7
0.0318,0.81497,7
0.54912,0.82018,7
0.066462,0.82077,7
0.63224,0.82119,7
0.56024,0.82847,7
0.10016,0.82865,7
0.1238,0.82893,7
0.59679,0.82957,7
0.60791,0.83333,7
0.13564,0.83462,7
0.15735,0.83503,7
0.18299,0.83518,7
0.57918,0.83781,7
0.20878,0.84086,7
0.51557,0.84092,7
0.5545,0.84145,7
0.59173,0.84146,7
0.54253,0.84463,7
0.10646,0.84538,7
0.1625,0.8456,7
0.083419,0.84771,7
0.4946,0.84992,7
0.16184,0.85216,7
0.12826,0.85358,7
0.32499,0.85554,7
0.17655,0.85562,7
0.41791,0.85624,7
0.56495,0.8591,7
0.38752,0.86053,7
0.23902,0.86109,7
0.1201,0.86231,7
0.082632,0.86283,7
0.43259,0.86288,7
0.43784,0.86317,7
0.32571,0.86585,7
0.3656,0.86635,7
0.29801,0.86688,7
0.40302,0.86984,7
0.25141,0.8706,7
0.47172,0.87416,7
0.49234,0.87436,7
0.4001,0.87567,7
0.55132,0.87918,7
0.31563,0.87952,7
0.38524,0.88125,7
0.17152,0.88137,7
0.26987,0.8817,7
0.5887,0.88234,7
0.1319,0.88313,7
0.21142,0.88563,7
0.28322,0.88588,7
0.26665,0.88633,7
0.14487,0.88716,7
0.4441,0.8872,7
0.30068,0.88752,7
0.55966,0.88992,7
0.19567,0.89235,7
0.36409,0.89309,7
0.24406,0.89374,7
0.54736,0.89721,7
0.47518,0.89922,7
0.45532,0.90069,7
0.40685,0.90087,7
0.52492,0.90333,7
0.48748,0.90344,7
0.13294,0.90507,7
0.42695,0.90579,7
0.17452,0.90773,7
0.24793,0.90883,7
0.19153,0.91038,7
0.29915,0.91184,7
0.22981,0.91489,7
0.28116,0.91602,7
0.44921,0.91643,7
0.39814,0.91915,7
0.24501,0.92128,7
0.4692,0.9223,7
0.31242,0.92565,7
0.21031,0.92659,7
0.37864,0.92668,7
0.41599,0.92816,7
0.29234,0.93015,7
0.24202,0.93179,7
0.27175,0.93295,7
0.37004,0.93793,7
0.42717,0.93856,7
0.32302,0.065936,8
0.26939,0.066617,8
0.44459,0.067101,8
0.1555,0.068053,8
0.21303,0.072999,8
0.16792,0.073332,8
0.060688,0.074674,8
0.2853,0.075332,8
0.40346,0.076605,8
0.047534,0.080348,8
0.38658,0.0811,8
0.46708,0.082533,8
0.21041,0.082801,8
0.30039,0.083153,8
0.024952,0.084654,8
0.083894,0.085148,8
0.47694,0.087732,8
0.069966,0.088806,8
0.31421,0.089288,8
0.12153,0.091498,8
0.26433,0.091588,8
0.35769,0.096115,8
0.25157,0.096129,8
0.030998,0.096367,8
0.40608,0.097163,8
0.044735,0.097421,8
0.13723,0.098258,8
0.19589,0.10217,8
0.099773,0.10448,8
0.15368,0.10462,8
0.33034,0.10792,8
0.19364,0.10947,8
0.41741,0.11104,8
0.13134,0.11357,8
0.23973,0.11396,8
0.22291,0.11418,8
0.2913,0.116,8
0.092108,0.11757,8
0.43468,0.11791,8
0.47779,0.11974,8
0.20863,0.12029,8
0.10903,0.12152,8
0.38955,0.12195,8
0.31951,0.12367,8
0.17009,0.12389,8
0.25541,0.1251,8
0.452,0.12585,8
0.35022,0.12595,8
0.4021,0.1287,8
0.4369,0.12961,8
0.2436,0.13067,8
0.27298,0.13075,8
0.41193,0.13151,8
0.37558,0.13218,8
0.3379,0.13256,8
0.015957,0.13272,8
0.032776,0.13376,8
0.3114,0.13527,8
0.1113,0.13553,8
0.38299,0.1404,8
0.16259,0.14144,8
0.078649,0.14502,8
0.03549,0.14515,8
0.337,0.14604,8
0.094081,0.14634,8
0.13343,0.14722,8
0.22701,0.14739,8
0.4627,0.14919,8
0.27365,0.14959,8
0.1881,0.15038,8
0.43343,0.15284,8
0.45545,0.15344,8
0.12915,0.15364,8
0.29614,0.1544,8
0.14656,0.16337,8
0.010536,0.16413,8
0.17198,0.16527,8
0.32193,0.16611,8
0.053986,0.17003,8
0.40025,0.17319,8
0.36764,0.17331,8
0.22067,0.17861,8
0.94542,0.092711,9
0.92523,0.096183,9
0.91827,0.097062,9
0.94727,0.11043,9
0.90183,0.11694,9
0.92039,0.11782,9
0.9409,0.11806,9
0.96078,0.13318,9
0.94415,0.14742,9
0.9293,0.17108,9
0.91522,0.183,9
0.94337,0.19043,9
0.92035,0.19808,9
0.95957,0.2002,9
0.90595,0.21278,9
0.88881,0.2176,9
0.92397,0.21828,9
0.96566,0.22736,9
0.93933,0.23761,9
0.96018,0.24747,9
0.91079,0.24768,9
0.89633,0.25436,9
0.94286,0.26451,9
0.90202,0.26828,9
0.95828,0.28305,9
0.93221,0.28863,9
0.903,0.29356,9
0.94531,0.29883,9
0.87758,0.30351,9
0.89745,0.30724,9
0.95863,0.31275,9
0.9373,0.31835,9
0.92142,0.32621,9
0.95668,0.32767,9
0.92643,0.33242,9
0.89161,0.34256,9
0.95805,0.35141,9
0.93074,0.35553,9
0.8756,0.36375,9
0.92207,0.37168,9
0.89436,0.37216,9
0.88592,0.37398,9
0.89454,0.38763,9
0.95789,0.39133,9
0.91962,0.40024,9
0.88824,0.4113,9
0.92256,0.41897,9
0.87999,0.42447,9
0.87156,0.4338,9
0.89954,0.43601,9
0.95352,0.44934,9
0.931,0.4544,9
0.89265,0.46353,9
0.89577,0.47694,9
0.95593,0.47702,9
0.86903,0.49779,9
0.88487,0.51184,9
0.90338,0.51626,9
0.87456,0.51672,9
0.92189,0.52118,9
0.88192,0.5307,9
0.8595,0.53384,9
0.92484,0.5376,9
0.86248,0.54983,9
0.79987,0.55491,9
0.91952,0.55705,9
0.853,0.56293,9
0.91366,0.56538,9
0.81962,0.56619,9
0.80664,0.56927,9
0.86083,0.56944,9
0.89404,0.56961,9
0.87174,0.57401,9
0.78071,0.58187,9
0.85227,0.5892,9
0.79904,0.59037,9
0.86177,0.59128,9
0.84639,0.59139,9
0.82087,0.5926,9
0.84943,0.59832,9
0.88064,0.60023,9
0.83634,0.60379,9
0.80583,0.60852,9
0.81521,0.61176,9
0.84421,0.61594,9
0.76808,0.61631,9
0.80555,0.62023,9
0.79234,0.62276,9
0.77954,0.62668,9
0.8642,0.6407,9
0.82974,0.64268,9
0.82717,0.6494,9
0.78825,0.65092,9
0.80241,0.66053,9
0.76305,0.66121,9
0.74246,0.67086,9
0.81773,0.67304,9
0.77105,0.69252,9
0.73468,0.69713,9
0.7921,0.7005,9
0.75045,0.71152,9
0.79943,0.72069,9
0.74498,0.72131,9
0.77085,0.72268,9
0.81895,0.73468,9
0.78341,0.73768,9
0.74902,0.73893,9
0.76729,0.74493,9
0.72043,0.75326,9
0.75345,0.77205,9
0.80361,0.77311,9
0.76983,0.77793,9
0.73734,0.77892,9
0.78536,0.7802,9
0.82351,0.78914,9
0.84753,0.79388,9
0.82691,0.80865,9
0.79144,0.80952,9
0.90812,0.81372,9
0.80988,0.81377,9
0.7214,0.8174,9
0.839,0.81928,9
0.90789,0.8252,9
0.76855,0.82527,9
0.7536,0.83124,9
0.8102,0.83289,9
0.90229,0.83673,9
0.85049,0.84156,9
0.74884,0.8419,9
0.95682,0.84675,9
0.7222,0.84759,9
0.95081,0.84813,9
0.88462,0.85039,9
0.92013,0.85061,9
0.86019,0.85556,9
0.74646,0.85659,9
0.92739,0.85901,9
0.81652,0.86277,9
0.77156,0.86806,9
0.95716,0.86811,9
0.84892,0.86865,9
0.75701,0.87005,9
0.83128,0.87614,9
0.79022,0.87694,9
0.9097,0.8775,9
0.92979,0.87982,9
0.7971,0.8815,9
0.95702,0.88337,9
0.76566,0.88447,9
0.73921,0.89295,9
0.89678,0.89426,9
0.93382,0.89744,9
0.96625,0.8987,9
0.86648,0.89871,9
0.80277,0.89991,9
0.81101,0.90474,9
0.9206,0.90855,9
0.77615,0.91,9
0.80014,0.91513,9
0.72073,0.91541,9
0.87076,0.91649,9
0.9935,0.91667,9
0.97181,0.91722,9
0.83077,0.9255,9
0.76183,0.92645,9
0.90582,0.92937,9
0.93903,0.93153,9
0.79855,0.93379,9
0.88384,0.9344,9
0.76115,0.93696,9
0.94309,0.9436,9
0.87774,0.94998,9
0.80729,0.95127,9
0.96447,0.95229,9
0.81436,0.95658,9
0.85532,0.95944,9
0.78208,0.96867,9
0.9165,0.96924,9
0.81308,0.96929,9
0.80207,0.97157,9
0.95259,0.97219,9
0.89176,0.9762,9
0.90557,0.97707,9
0.82666,0.98121,9
0.83948,0.99055,9
0.96581,0.62834,1
0.92529,0.62973,1
0.9836,0.64603,1
0.9223,0.66341,1
0.98882,0.66572,1
0.95154,0.66798,1
0.93911,0.67143,1
0.9491,0.67949,1
0.93341,0.68844,1
0.96698,0.68872,1
0.9429,0.7048,1
0.90391,0.7077,1
0.98606,0.71101,1
0.94214,0.72024,1
0.91642,0.72279,1
0.95401,0.72306,1
0.9784,0.72928,1
0.94635,0.73047,1
0.97618,0.74542,1
0.92873,0.76212,1
0.94518,0.76287,1
0.97097,0.76737,1
0.21472,0.632,2
0.24041,0.63824,2
0.18242,0.65519,2
0.21036,0.66435,2
0.25225,0.66856,2
0.19621,0.67537,2
0.26577,0.68109,2
0.22804,0.682,2
0.21859,0.68269,2
0.17888,0.6858,2
0.23885,0.69201,2
0.26229,0.69422,2
0.27272,0.69989,2
0.23588,0.70567,2
0.21275,0.7102,2
0.27904,0.71099,2
0.18432,0.71244,2
0.17313,0.7209,2
0.25821,0.7321,2
0.22928,0.74486,2
0.24537,0.74493,2
0.20446,0.75017,2
0.26351,0.76595,2
0.21941,0.7767,2
0.19284,0.77834,2
0.2586,0.78025,2
0.21243,0.78717,2
0.20581,0.79645,2
0.48784,0.62491,3
0.46021,0.64249,3
0.47282,0.65004,3
0.51603,0.66003,3
0.53023,0.66271,3
0.45399,0.66506,3
0.50778,0.67838,3
0.47813,0.68004,3
0.52602,0.68214,3
0.4932,0.68986,3
0.53442,0.69249,3
0.49649,0.70056,3
0.46627,0.70185,3
0.44811,0.70617,3
0.53144,0.70896,3
0.43979,0.71453,3
0.45804,0.71677,3
0.49005,0.73083,3
0.52108,0.73421,3
0.45527,0.73659,3
0.49253,0.75566,3
0.44558,0.75586,3
0.44368,0.76236,3
0.49478,0.77502,3
0.47155,0.78334,3
0.45132,0.78624,3
0.50408,0.80055,3
0.69191,0.0074056,4
0.64825,0.029493,4
0.71061,0.031347,4
0.69423,0.033929,4
0.75175,0.036875,4
0.67366,0.039683,4
0.65843,0.0457,4
0.64782,0.051494,4
0.7243,0.052617,4
0.7549,0.056357,4
0.72975,0.064489,4
0.70839,0.065306,4
0.66918,0.068659,4
0.68699,0.069143,4
0.73089,0.079166,4
0.6426,0.083054,4
0.6658,0.090674,4
0.76799,0.095535,4
0.71652,0.097154,4
0.69232,0.099127,4
0.74523,0.10455,4
0.72146,0.11306,4
0.75819,0.11677,4
0.78126,0.12147,4
0.63195,0.1218,4
0.61417,0.13482,4
0.62882,0.14278,4
0.63291,0.17026,4
0.6102,0.1823,4
0.64495,0.19009,4
0.62062,0.20363,4
0.63259,0.21709,4
0.61329,0.22187,4
0.61941,0.2332,4
0.68071,0.24512,4
0.63793,0.25002,4
0.62181,0.25264,4
0.66503,0.2553,4
0.68267,0.26056,4
0.70576,0.26385,4
0.70659,0.27856,4
0.62508,0.28559,4
0.65703,0.28793,4
0.64469,0.28991,4
0.70121,0.29329,4
0.66742,0.29341,4
0.68495,0.30574,4
0.73539,0.3084,4
0.67032,0.31146,4
0.72486,0.32178,4
0.69168,0.32661,4
0.72647,0.1848,5
0.78813,0.19077,5
0.73508,0.19688,5
0.77379,0.19932,5
0.7249,0.2021,5
0.74959,0.20639,5
0.80841,0.20889,5
0.77316,0.21579,5
0.76606,0.22845,5
0.79784,0.24147,5
0.76767,0.25601,5
0.82793,0.2592,5
0.80767,0.26475,5
0.76037,0.26571,5
0.82258,0.27971,5
0.80152,0.28489,5
0.8023,0.29095,5
0.81288,0.30199,5
0.81206,0.3215,5
0.83248,0.33755,5
0.82654,0.35032,5
0.8067,0.36265,5
0.70292,0.37987,5
0.79386,0.38196,5
0.80902,0.38876,5
0.79945,0.39338,5
0.69158,0.39439,5
0.82991,0.39654,5
0.72229,0.40374,5
0.78065,0.40376,5
0.82074,0.40915,5
0.75542,0.41199,5
0.673,0.4202,5
0.79651,0.42023,5
0.68905,0.42308,5
0.76476,0.42725,5
0.72372,0.4338,5
0.70471,0.43772,5
0.75168,0.4397,5
0.72068,0.44999,5
0.79223,0.45332,5
0.68627,0.45997,5
0.75296,0.46148,5
0.77133,0.46952,5
0.7037,0.48328,5
0.73693,0.487,5
0.76737,0.4876,5
0.78306,0.48858,5
0.75983,0.49498,5
0.76207,0.50476,5
0.14971,0.23017,6
0.28875,0.23307,6
0.2665,0.23451,6
0.36945,0.23527,6
0.067682,0.23543,6
0.44044,0.23558,6
0.32045,0.2368,6
0.12976,0.23736,6
0.0814,0.23906,6
0.4556,0.24065,6
0.17532,0.24424,6
0.35163,0.24456,6
0.073072,0.2463,6
0.47669,0.25041,6
0.36829,0.25093,6
0.22016,0.25132,6
0.082837,0.25202,6
0.27421,0.25211,6
0.42229,0.25251,6
0.048047,0.25361,6
0.32504,0.25407,6
0.24836,0.25799,6
0.36305,0.25921,6
0.33119,0.26067,6
0.12241,0.26184,6
0.15649,0.26305,6
0.21293,0.26555,6
0.086876,0.26559,6
0.39186,0.26576,6
0.29847,0.26868,6
0.28656,0.26906,6
0.22851,0.26946,6
0.17687,0.27112,6
0.12933,0.2759,6
0.34728,0.27686,6
0.39696,0.27961,6
0.20912,0.27977,6
0.25024,0.28056,6
0.23899,0.28175,6
0.022708,0.28252,6
0.11655,0.28408,6
0.47266,0.28488,6
0.41437,0.28489,6
0.097971,0.28572,6
0.4235,0.28672,6
0.38617,0.28997,6
0.032999,0.29023,6
0.1542,0.29149,6
0.14439,0.29239,6
0.070385,0.29286,6
0.25843,0.29397,6
0.042569,0.29432,6
0.23762,0.29458,6
0.45137,0.29487,6
0.30265,0.29853,6
0.089778,0.30334,6
0.027625,0.30436,6
0.36006,0.30534,6
0.3348,0.30609,6
0.131,0.30636,6
0.46758,0.30706,6
0.15503,0.30932,6
0.44458,0.31047,6
0.21431,0.31216,6
0.40603,0.31305,6
0.18274,0.31373,6
0.2682,0.31426,6
0.10678,0.31431,6
0.29425,0.31569,6
0.24899,0.31744,6
0.14237,0.31832,6
0.088116,0.31859,6
0.34899,0.31991,6
0.1991,0.32037,6
0.37208,0.32088,6
0.051411,0.32137,6
0.25004,0.32519,6
0.47771,0.32597,6
0.29282,0.32969,6
0.45519,0.33026,6
0.055326,0.33111,6
0.12756,0.3352,6
0.031622,0.33552,6
0.21514,0.33571,6
0.038026,0.33655,6
0.37233,0.48087,7
0.42642,0.48376,7
0.34661,0.48414,7
0.30542,0.48497,7
0.31515,0.49289,7
0.54354,0.49679,7
0.20335,0.49831,7
0.23516,0.49861,7
0.46303,0.50076,7
0.39671,0.50225,7
0.49159,0.50834,7
0.2484,0.5092,7
0.35157,0.50955,7
0.43696,0.50996,7
0.34445,0.51178,7
0.38466,0.51407,7
0.18405,0.51413,7
0.27638,0.51495,7
0.31851,0.51607,7
0.40178,0.51749,7
0.19977,0.51757,7
0.36755,0.51943,7
0.51923,0.51946,7
0.44092,0.52015,7
0.53175,0.52142,7
0.21457,0.52276,7
0.25252,0.52468,7
0.34406,0.52836,7
0.52281,0.5297,7
0.37433,0.53075,7
0.15371,0.53182,7
0.49911,0.53629,7
0.38865,0.53799,7
0.26019,0.53838,7
0.33374,0.53844,7
0.22862,0.53961,7
0.52571,0.54014,7
0.40762,0.54236,7
0.29187,0.54373,7
0.46568,0.54426,7
0.47932,0.54725,7
0.20459,0.54811,7
0.53829,0.54911,7
0.27433,0.5494,7
0.33308,0.55119,7
0.57951,0.55313,7
0.31488,0.55314,7
0.3413,0.55804,7
0.43453,0.55883,7
0.40447,0.55884,7
0.14966,0.55942,7
0.62641,0.56098,7
0.46463,0.56112,7
0.29989,0.5616,7
0.25272,0.56268,7
0.19221,0.56367,7
0.26376,0.56452,7
0.076108,0.56571,7
0.50197,0.56659,7
0.4241,0.56767,7
0.21613,0.56851,7
0.52838,0.56876,7
0.096427,0.57069,7
0.12853,0.572,7
0.61068,0.57476,7
0.58736,0.58072,7
0.57266,0.58202,7
0.45955,0.58234,7
0.22409,0.5825,7
0.18529,0.58477,7
0.5586,0.58518,7
0.16967,0.58671,7
0.50875,0.59056,7
0.080491,0.59072,7
0.5255,0.59155,7
0.61297,0.59313,7
0.15051,0.5938,7
0.59581,0.59413,7
0.1366,0.5949,7
0.09493,0.59529,7
0.64186,0.6059,7
0.074163,0.60718,7
0.5431,0.6102,7
0.052492,0.61089,7
0.11338,0.61437,7
0.021898,0.6149,7
0.56322,0.61496,7
0.59504,0.61791,7
0.04213,0.61838,7
0.064624,0.62528,7
0.62779,0.62631,7
0.080421,0.63129,7
0.66323,0.63376,7
0.63274,0.6342,7
0.020914,0.63449,7
0.61358,0.63792,7
0.1056,0.63967,7
0.64468,0.64652,7
0.046449,0.6515,7
0.67626,0.65225,7
0.61031,0.6569,7
0.63028,0.66044,7
0.068822,0.66072,7
0.058321,0.66282,7
0.047784,0.66699,7
0.66419,0.67015,7
0.026259,0.67022,7
0.67344,0.69403,7
0.0013935,0.70214,7
0.049106,0.703,7
0.024145,0.71357,7
0.007901,0.71409,7
0.6271,0.72544,7
0.68624,0.7273,7
0.057532,0.73365,7
0.64757,0.73474,7
0.65618,0.7351,7
0.025088,0.74172,7
0.61827,0.75296,7
0.64989,0.75501,7
0.68512,0.75775,7
0.64126,0.75922,7
0.61182,0.77245,7
0.047065,0.77257,7
0.67489,0.77485,7
0.071845,0.77566,7
0.65471,0.78101,7
0.68236,0.78266,7
0.10054,0.78418,7
0.061083,0.79064,7
0.029783,0.79221,7
0.64335,0.79326,7
0.62775,0.79806,7
0.57294,0.80382,7
0.12759,0.8067,7
0.61807,0.80709,7
0.036009,0.80745,7
0.087175,0.81181,7
0.63003,0.81249,7
0.65535,0.81253,7
0.57204,0.8129,7
0.5511,0.81472,7
0.14171,0.81538,7
0.10304,0.81559,7
0.088415,0.8242,7
0.62841,0.82518,7
0.50585,0.82911,7
0.64934,0.83025,7
0.11516,0.832,7
0.060483,0.83376,7
0.61396,0.83613,7
0.55219,0.8371,7
0.48778,0.83853,7
0.15553,0.83913,7
0.08505,0.8405,7
0.4592,0.84398,7
0.15811,0.84479,7
0.15323,0.84592,7
0.21966,0.8463,7
0.56219,0.84772,7
0.06722,0.8488,7
0.24321,0.84961,7
0.58897,0.85099,7
0.10413,0.85131,7
0.3963,0.8526,7
0.33864,0.8529,7
0.57878,0.85393,7
0.17061,0.85725,7
0.4351,0.85943,7
0.43869,0.86012,7
0.18843,0.86604,7
0.27145,0.86623,7
0.09718,0.86637,7
0.10957,0.86642,7
0.38113,0.86767,7
0.46115,0.86858,7
0.40854,0.86986,7
0.1474,0.87045,7
0.29694,0.87099,7
0.22273,0.87124,7
0.50708,0.87125,7
0.60167,0.87273,7
0.32624,0.87292,7
0.54889,0.87502,7
0.36854,0.87598,7
0.53023,0.87668,7
0.26908,0.87817,7
0.27955,0.87867,7
0.45373,0.87925,7
0.19463,0.88103,7
0.17983,0.88117,7
0.42498,0.88309,7
0.40414,0.88584,7
0.15495,0.88825,7
0.51145,0.88868,7
0.33431,0.88891,7
0.38888,0.89104,7
0.31138,0.89281,7
0.456,0.89304,7
0.12505,0.89408,7
0.48602,0.89487,7
0.23366,0.89704,7
0.27852,0.89855,7
0.24721,0.90086,7
0.30163,0.90097,7
0.17941,0.90221,7
0.16644,0.9045,7
0.45006,0.9063,7
0.54213,0.9081,7
0.40366,0.90979,7
0.21089,0.91054,7
0.28479,0.91116,7
0.26289,0.91393,7
0.46257,0.9147,7
0.24129,0.91566,7
0.25054,0.91601,7
0.22155,0.91627,7
0.35901,0.91734,7
0.49715,0.91906,7
0.39098,0.92724,7
0.4639,0.92806,7
0.26626,0.93034,7
0.3784,0.93154,7
0.32474,0.93636,7
0.41436,0.93698,7
0.28916,0.94111,7
0.34024,0.94324,7
0.17548,0.066023,8
0.30953,0.068144,8
0.37825,0.068269,8
0.35994,0.068739,8
0.12174,0.069728,8
0.15817,0.071568,8
0.42133,0.071744,8
0.02054,0.072566,8
0.33237,0.072912,8
0.47127,0.073121,8
0.18386,0.075907,8
0.2274,0.077502,8
0.20509,0.078449,8
0.24622,0.081273,8
0.09675,0.083992,8
0.27665,0.085737,8
0.014481,0.085944,8
0.077677,0.086071,8
0.45819,0.08625,8
0.040341,0.086661,8
0.43169,0.089337,8
0.15657,0.091162,8
0.063512,0.091188,8
0.39692,0.091306,8
0.36488,0.092295,8
0.46544,0.096531,8
0.1448,0.097649,8
0.10565,0.097863,8
0.31247,0.10086,8
0.24283,0.10265,8
0.3634,0.10331,8
0.17328,0.10418,8
0.056086,0.10423,8
0.45412,0.10591,8
0.40871,0.10902,8
0.088222,0.10912,8
0.1236,0.11217,8
0.43267,0.11268,8
0.19058,0.11445,8
0.076304,0.11592,8
0.01975,0.11759,8
0.30804,0.11759,8
0.29782,0.11782,8
0.20063,0.11813,8
0.11828,0.11886,8
0.23492,0.1203,8
0.24647,0.12046,8
0.45911,0.1226,8
0.40453,0.12322,8
0.47008,0.12652,8
0.19871,0.12659,8
0.38758,0.13034,8
0.17786,0.13078,8
0.054924,0.13183,8
0.41942,0.13437,8
0.22959,0.13681,8
0.14149,0.13949,8
0.34798,0.13994,8
0.46912,0.14196,8
0.29433,0.14254,8
0.33927,0.14416,8
0.23234,0.14424,8
0.39084,0.14446,8
0.3744,0.14471,8
0.26538,0.14913,8
0.042563,0.15094,8
0.098699,0.15442,8
0.12422,0.15495,8
0.31555,0.15613,8
0.17489,0.15726,8
0.22822,0.16031,8
0.45687,0.16044,8
0.33161,0.16118,8
0.35208,0.16324,8
0.41896,0.16359,8
0.37718,0.16453,8
0.19646,0.16611,8
0.16166,0.16895,8
0.21359,0.16918,8
0.03757,0.1694,8
0.27769,0.17059,8
0.072345,0.1717,8
0.93611,0.070741,9
0.94163,0.08492,9
0.91588,0.08686,9
0.92338,0.097809,9
0.93594,0.1121,9
0.95003,0.11831,9
0.91729,0.1266,9
0.95919,0.14155,9
0.91714,0.15492,9
0.94278,0.16125,9
0.89376,0.18089,9
0.94598,0.18224,9
0.90906,0.18805,9
0.95065,0.19113,9
0.89903,0.20627,9
0.92709,0.20956,9
0.91122,0.21059,9
0.94648,0.21358,9
0.94926,0.2309,9
0.9277,0.23911,9
0.91853,0.24803,9
0.94819,0.25631,9
0.91238,0.26048,9
0.9312,0.27088,9
0.91139,0.27304,9
0.877,0.28282,9
0.92787,0.28825,9
0.90355,0.29108,9
0.95316,0.30244,9
0.92024,0.30257,9
0.90172,0.30461,9
0.93645,0.31128,9
0.94633,0.31134,9
0.93183,0.33678,9
0.87521,0.33963,9
0.9038,0.34092,9
0.88421,0.34831,9
0.94396,0.34992,9
0.9205,0.3625,9
0.88688,0.36564,9
0.90922,0.36632,9
0.94228,0.36968,9
0.88137,0.38663,9
0.90724,0.39262,9
0.89143,0.39734,9
0.88208,0.40156,9
0.88528,0.4207,9
0.90732,0.42649,9
0.89548,0.42805,9
0.88402,0.43315,9
0.93888,0.45905,9
0.92664,0.46232,9
0.9057,0.47301,9
0.86624,0.47411,9
0.93618,0.48157,9
0.91283,0.48629,9
0.9126,0.50483,9
0.89226,0.51344,9
0.93301,0.5189,9
0.8744,0.52244,9
0.89327,0.52733,9
0.9179,0.53249,9
0.82016,0.54633,9
0.84809,0.5464,9
0.88039,0.55075,9
0.89985,0.55764,9
0.88848,0.56218,9
0.79084,0.56419,9
0.86755,0.56442,9
0.91689,0.56555,9
0.82522,0.56606,9
0.77769,0.56714,9
0.79959,0.57084,9
0.87916,0.58011,9
0.88967,0.58301,9
0.85036,0.58428,9
0.8353,0.58936,9
0.82597,0.59511,9
0.85027,0.5965,9
0.79923,0.59668,9
0.77855,0.59942,9
0.76878,0.60624,9
0.85688,0.61311,9
0.81753,0.61867,9
0.80371,0.62198,9
0.84579,0.6272,9
0.78882,0.62724,9
0.82323,0.63044,9
0.85772,0.63293,9
0.83276,0.63629,9
0.8547,0.6453,9
0.79052,0.64797,9
0.81679,0.65182,9
0.7543,0.65804,9
0.7693,0.66324,9
0.81139,0.66927,9
0.78416,0.6708,9
0.76559,0.68064,9
0.75736,0.69539,9
0.8136,0.70183,9
0.74966,0.70554,9
0.73657,0.71193,9
0.77209,0.71403,9
0.79839,0.72167,9
0.80893,0.72222,9
0.73405,0.72739,9
0.74752,0.7335,9
0.77743,0.73951,9
0.79341,0.74616,9
0.77518,0.75828,9
0.73869,0.76113,9
0.79119,0.76349,9
0.75931,0.78066,9
0.81991,0.78363,9
0.78164,0.78803,9
0.79495,0.79155,9
0.83396,0.79739,9
0.73553,0.80019,9
0.8473,0.80936,9
0.8763,0.81044,9
0.89819,0.81431,9
0.81605,0.82015,9
0.91385,0.8272,9
0.90944,0.83031,9
0.89304,0.83234,9
0.80492,0.8347,9
0.92919,0.83673,9
0.95896,0.84303,9
0.75978,0.84333,9
0.78594,0.84395,9
0.74399,0.84545,9
0.8445,0.84643,9
0.96839,0.85032,9
0.82829,0.85387,9
0.92388,0.85827,9
0.7743,0.8626,9
0.88108,0.8659,9
0.76316,0.86614,9
0.93794,0.86671,9
0.8584,0.87129,9
0.75853,0.87351,9
0.81249,0.87432,9
0.79474,0.87443,9
0.78746,0.87881,9
0.93908,0.87981,9
0.90716,0.88405,9
0.77972,0.88644,9
0.95388,0.88933,9
0.75182,0.89398,9
0.80762,0.89728,9
0.99665,0.89839,9
0.87647,0.89891,9
0.94048,0.90142,9
0.97218,0.90564,9
0.8831,0.91124,9
0.86127,0.9113,9
0.93989,0.9119,9
0.81485,0.91418,9
0.97823,0.91476,9
0.83793,0.91725,9
0.78773,0.91791,9
0.73334,0.92301,9
0.75228,0.92754,9
0.98215,0.92835,9
0.86592,0.93107,9
0.9216,0.93495,9
0.74467,0.93687,9
0.93446,0.93741,9
0.97431,0.94235,9
0.94562,0.94421,9
0.80601,0.94488,9
0.78562,0.94591,9
0.75317,0.94903,9
0.83347,0.94959,9
0.86337,0.95133,9
0.87595,0.95431,9
0.88656,0.95513,9
0.93013,0.95861,9
0.91633,0.95956,9
0.79556,0.97358,9
0.77684,0.97699,9
0.89993,0.97726,9
0.81735,0.97802,9
0.83456,0.98396,9
0.82788,0.992,9
0.80933,0.99766,9
