0.95804,0.62875,1
0.95992,0.64016,1
0.92025,0.65029,1
0.92795,0.66606,1
0.95035,0.67257,1
0.9193,0.67624,1
0.93756,0.67763,1
0.99666,0.68231,1
0.97125,0.6849,1
0.9322,0.69337,1
0.99122,0.70818,1
0.90708,0.71032,1
0.9317,0.71773,1
0.91045,0.72046,1
0.94813,0.72166,1
0.97953,0.72228,1
0.96195,0.72492,1
0.929,0.73016,1
0.94548,0.74225,1
0.90992,0.75253,1
0.96532,0.75323,1
0.25141,0.62983,2
0.21506,0.63375,2
0.22184,0.65037,2
0.20871,0.66248,2
0.24326,0.66831,2
0.23502,0.67697,2
0.20364,0.67766,2
0.25465,0.67781,2
0.17404,0.67796,2
0.26448,0.68394,2
0.22254,0.69125,2
0.28411,0.69431,2
0.18324,0.7018,2
0.26665,0.7057,2
0.24882,0.71288,2
0.21361,0.71672,2
0.23199,0.7175,2
0.22705,0.72899,2
0.17626,0.73018,2
0.25927,0.7341,2
0.2474,0.73728,2
0.20192,0.75955,2
0.22991,0.76602,2
0.19713,0.7688,2
0.19228,0.77392,2
0.22075,0.77893,2
0.23964,0.78166,2
0.25595,0.78409,2
0.21797,0.79155,2
0.46445,0.62712,3
0.48034,0.6385,3
0.46212,0.64737,3
0.44433,0.66222,3
0.50572,0.66654,3
0.52852,0.66824,3
0.48189,0.68004,3
0.51306,0.68043,3
0.54299,0.68251,3
0.49822,0.68839,3
0.46118,0.6905,3
0.5115,0.70784,3
0.47667,0.71202,3
0.43795,0.71211,3
0.53583,0.71652,3
0.43106,0.71656,3
0.4872,0.72492,3
0.45003,0.72705,3
0.47312,0.72812,3
0.50334,0.73146,3
0.52344,0.73957,3
0.48564,0.75637,3
0.44474,0.7635,3
0.49877,0.76717,3
0.45726,0.77161,3
0.50681,0.78164,3
0.46289,0.78203,3
0.46255,0.80586,3
0.67529,0,4
0.70957,0.014783,4
0.6611,0.028349,4
0.71007,0.032569,4
0.68856,0.032987,4
0.69706,0.045441,4
0.75603,0.048329,4
0.66272,0.049177,4
0.7281,0.05019,4
0.64053,0.05178,4
0.70402,0.063166,4
0.73289,0.066197,4
0.67652,0.067411,4
0.66159,0.070431,4
0.76127,0.077986,4
0.64351,0.0814,4
0.65994,0.089445,4
0.69964,0.10022,4
0.68756,0.10124,4
0.77776,0.10567,4
0.7687,0.10676,4
0.74309,0.10756,4
0.71426,0.10833,4
0.65052,0.10906,4
0.62627,0.11052,4
0.76638,0.12574,4
0.63167,0.13952,4
0.62139,0.16982,4
0.63385,0.18824,4
0.61773,0.20158,4
0.65171,0.21623,4
0.63635,0.22034,4
0.60893,0.22254,4
0.63752,0.24134,4
0.6267,0.24358,4
0.61633,0.24491,4
0.62437,0.2512,4
0.66349,0.25333,4
0.69516,0.26598,4
0.70694,0.27002,4
0.71327,0.27002,4
0.62324,0.27664,4
0.73392,0.2874,4
0.6775,0.28872,4
0.64707,0.29073,4
0.65569,0.29765,4
0.70503,0.30114,4
0.68606,0.30349,4
0.67205,0.3046,4
0.63918,0.30471,4
0.72246,0.3263,4
0.72181,0.18029,5
0.74424,0.18489,5
0.73102,0.19502,5
0.78768,0.20085,5
0.72321,0.20222,5
0.74196,0.20235,5
0.77578,0.20527,5
0.76258,0.23029,5
0.80017,0.2363,5
0.74083,0.24001,5
0.83759,0.24659,5
0.76342,0.24913,5
0.81009,0.26712,5
0.82465,0.27122,5
0.77742,0.27165,5
0.80283,0.28526,5
0.79924,0.29608,5
0.82015,0.29684,5
0.81955,0.3075,5
0.81145,0.33596,5
0.83093,0.34412,5
0.82719,0.35335,5
0.81521,0.37877,5
0.79128,0.38041,5
0.80593,0.3907,5
0.78561,0.39561,5
0.72754,0.39688,5
0.70327,0.39794,5
0.69065,0.40636,5
0.81573,0.4087,5
0.79563,0.41356,5
0.7474,0.41542,5
0.67698,0.41903,5
0.77492,0.42014,5
0.7203,0.42308,5
0.71278,0.43609,5
0.73436,0.43952,5
0.74232,0.44411,5
0.7763,0.44888,5
0.80827,0.44923,5
0.77013,0.45984,5
0.71194,0.46293,5
0.73555,0.46842,5
0.75514,0.47903,5
0.70972,0.48449,5
0.73896,0.4903,5
0.77682,0.49819,5
0.75862,0.50179,5
0.75139,0.50662,5
0.094398,0.23044,6
0.19618,0.23264,6
0.2758,0.23279,6
0.06207,0.23313,6
0.17301,0.23463,6
0.043737,0.23477,6
0.43708,0.2364,6
0.35132,0.23654,6
0.38707,0.23805,6
0.45374,0.23936,6
0.47355,0.24133,6
0.32419,0.24223,6
0.33966,0.24427,6
0.092178,0.24436,6
0.13249,0.24574,6
0.26928,0.24602,6
0.24633,0.24886,6
0.22348,0.24976,6
0.43249,0.25007,6
0.074685,0.25025,6
0.30925,0.25156,6
0.37089,0.25186,6
0.29497,0.25423,6
0.15111,0.25568,6
0.21985,0.25845,6
0.047356,0.25935,6
0.2718,0.26241,6
0.13539,0.2626,6
0.024291,0.2633,6
0.40208,0.26556,6
0.17571,0.26651,6
0.35927,0.26892,6
0.41158,0.26986,6
0.11123,0.27136,6
0.3003,0.27508,6
0.096518,0.27955,6
0.24208,0.27992,6
0.47607,0.28005,6
0.35897,0.28019,6
0.2523,0.28027,6
0.38218,0.28093,6
0.3943,0.28571,6
0.30567,0.28572,6
0.20533,0.28601,6
0.11747,0.28644,6
0.22453,0.2885,6
0.018599,0.28996,6
0.14082,0.29226,6
0.45236,0.29509,6
0.046501,0.29583,6
0.43926,0.29727,6
0.1811,0.29808,6
0.17114,0.29917,6
0.33609,0.30144,6
0.25681,0.30202,6
0.27521,0.30209,6
0.13842,0.30256,6
0.10229,0.30407,6
0.036883,0.3054,6
0.39223,0.30787,6
0.19463,0.30889,6
0.09095,0.31037,6
0.44158,0.3105,6
0.40534,0.3122,6
0.42159,0.31557,6
0.46566,0.31601,6
0.14068,0.31633,6
0.025282,0.31709,6
0.2615,0.31861,6
0.35768,0.31918,6
0.22944,0.32004,6
0.040461,0.32009,6
0.11931,0.32084,6
0.16359,0.32112,6
0.069645,0.32254,6
0.21005,0.32269,6
0.29912,0.3235,6
0.094841,0.32634,6
0.24455,0.32758,6
0.19194,0.328,6
0.35312,0.33043,6
0.46462,0.3314,6
0.28186,0.33216,6
0.033879,0.33345,6
0.45791,0.33484,6
0.053412,0.33627,6
0.33484,0.48039,7
0.3092,0.48454,7
0.27085,0.49069,7
0.35824,0.49071,7
0.41862,0.49097,7
0.54574,0.49924,7
0.39586,0.5002,7
0.23055,0.50096,7
0.1982,0.50335,7
0.4641,0.50597,7
0.24217,0.50659,7
0.28204,0.50901,7
0.37456,0.5124,7
0.34354,0.51383,7
0.53488,0.5156,7
0.49067,0.51587,7
0.25686,0.51696,7
0.52114,0.5206,7
0.51076,0.5207,7
0.41454,0.52183,7
0.39687,0.52239,7
0.21248,0.5228,7
0.28784,0.52457,7
0.32279,0.52477,7
0.38601,0.52652,7
0.16475,0.52679,7
0.18213,0.5269,7
0.35739,0.52947,7
0.46193,0.53186,7
0.24678,0.53312,7
0.33662,0.53437,7
0.50182,0.53701,7
0.42222,0.53822,7
0.49818,0.54427,7
0.47318,0.54497,7
0.45461,0.54548,7
0.26759,0.54564,7
0.59606,0.54722,7
0.15354,0.54727,7
0.56659,0.54958,7
0.31707,0.54999,7
0.3456,0.55029,7
0.52316,0.55087,7
0.3294,0.55094,7
0.39902,0.55109,7
0.14104,0.5521,7
0.26101,0.55216,7
0.42836,0.5534,7
0.5405,0.55361,7
0.47819,0.55414,7
0.15624,0.55698,7
0.206,0.55716,7
0.10489,0.56062,7
0.4114,0.56104,7
0.38418,0.56324,7
0.24149,0.56365,7
0.29593,0.56444,7
0.34207,0.56666,7
0.6159,0.56767,7
0.26648,0.5685,7
0.49396,0.56971,7
0.18613,0.57043,7
0.27359,0.57236,7
0.58244,0.57349,7
0.12967,0.57423,7
0.60519,0.57693,7
0.19864,0.57914,7
0.53284,0.58099,7
0.17807,0.58192,7
0.079445,0.58378,7
0.066098,0.58481,7
0.20711,0.58821,7
0.51291,0.58841,7
0.58447,0.58913,7
0.14507,0.59284,7
0.59788,0.59429,7
0.62476,0.59616,7
0.54171,0.59799,7
0.65702,0.60005,7
0.14925,0.60478,7
0.56163,0.60576,7
0.039651,0.60738,7
0.10906,0.61198,7
0.59952,0.61973,7
0.057916,0.62048,7
0.082207,0.62126,7
0.62345,0.62711,7
0.11656,0.62912,7
0.58059,0.63174,7
0.60851,0.63191,7
0.66233,0.63244,7
0.064268,0.63251,7
0.040807,0.63727,7
0.019657,0.63782,7
0.63888,0.64209,7
0.66588,0.64283,7
0.074605,0.64449,7
0.015635,0.64935,7
0.60651,0.65042,7
0.068231,0.66181,7
0.043773,0.66216,7
0.62265,0.66746,7
0.037466,0.66966,7
0.62151,0.68052,7
0.69366,0.68073,7
0.67097,0.68841,7
0.0067302,0.69605,7
0.63134,0.69741,7
0.02777,0.69989,7
0.051942,0.70008,7
0.69908,0.70133,7
0.012605,0.71557,7
0.66951,0.71589,7
0.63118,0.72118,7
0.03638,0.72996,7
0.64733,0.7351,7
0.67754,0.73552,7
0.071001,0.73612,7
0.64437,0.74455,7
0.016477,0.74775,7
0.63781,0.75059,7
0.029192,0.752,7
0.68825,0.76194,7
0.65239,0.76898,7
0.6665,0.77366,7
0.081573,0.77465,7
0.61498,0.77546,7
0.67213,0.78182,7
0.64401,0.79031,7
0.044504,0.79239,7
0.088937,0.79259,7
0.62517,0.79511,7
0.10834,0.80218,7
0.57801,0.80233,7
0.076898,0.80434,7
0.059805,0.80605,7
0.13346,0.80616,7
0.65193,0.80677,7
0.040365,0.80908,7
0.60509,0.81005,7
0.085463,0.81416,7
0.55308,0.81486,7
0.57158,0.82285,7
0.53158,0.8231,7
0.63142,0.82509,7
0.053097,0.82837,7
0.12716,0.83056,7
0.10179,0.83238,7
0.11857,0.83435,7
0.54472,0.83457,7
0.6197,0.8366,7
0.08424,0.83692,7
0.60865,0.83861,7
0.16345,0.84049,7
0.15168,0.84373,7
0.23237,0.84568,7
0.082994,0.84574,7
0.58798,0.84628,7
0.56108,0.85065,7
0.18824,0.85098,7
0.42582,0.85167,7
0.52527,0.85405,7
0.090757,0.85452,7
0.56956,0.85453,7
0.25852,0.85661,7
0.37685,0.85662,7
0.49567,0.85752,7
0.43973,0.85785,7
0.1177,0.85954,7
0.43578,0.85957,7
0.23603,0.86,7
0.16686,0.86002,7
0.1751,0.8616,7
0.58631,0.86337,7
0.29652,0.86364,7
0.3317,0.86435,7
0.39474,0.86466,7
0.45843,0.86558,7
0.1879,0.86806,7
0.22542,0.86832,7
0.32212,0.87035,7
0.5239,0.8714,7
0.40942,0.87371,7
0.36772,0.87449,7
0.13965,0.8746,7
0.21298,0.87572,7
0.23831,0.87763,7
0.26946,0.8779,7
0.1493,0.8791,7
0.28011,0.8793,7
0.10711,0.88144,7
0.37912,0.8821,7
0.42435,0.88593,7
0.50962,0.88645,7
0.36935,0.8867,7
0.17392,0.88878,7
0.44655,0.88963,7
0.46791,0.89084,7
0.55266,0.8909,7
0.30227,0.8912,7
0.28622,0.89654,7
0.13509,0.89788,7
0.16304,0.90074,7
0.52943,0.90196,7
0.31002,0.90313,7
0.24859,0.90388,7
0.38832,0.90391,7
0.44827,0.90495,7
0.45989,0.9077,7
0.42092,0.90809,7
0.21375,0.91048,7
0.24733,0.9127,7
0.29116,0.91497,7
0.18667,0.9204,7
0.37517,0.92124,7
0.48656,0.92134,7
0.22041,0.92177,7
0.38719,0.92763,7
0.43654,0.92887,7
0.23779,0.93089,7
0.32896,0.93143,7
0.4214,0.9318,7
0.27318,0.93234,7
0.36001,0.94432,7
0.28356,0.94548,7
0.39,0.95302,7
0.30707,0.057426,8
0.05786,0.066751,8
0.32923,0.06728,8
0.18556,0.067325,8
0.16714,0.06755,8
0.40843,0.069164,8
0.036843,0.069268,8
0.36168,0.073064,8
0.20339,0.073666,8
0.39931,0.073849,8
0.46098,0.074234,8
0.075481,0.076972,8
0.44787,0.076979,8
0.29286,0.080233,8
0.17878,0.082974,8
0.031828,0.084311,8
0.21243,0.084816,8
0.069123,0.086052,8
0.46321,0.086292,8
0.35283,0.086825,8
0.089641,0.091736,8
0.12117,0.091851,8
0.23114,0.092748,8
0.023784,0.094865,8
0.25877,0.094865,8
0.41494,0.094882,8
0.10259,0.096796,8
0.35412,0.097384,8
0.14687,0.10194,8
0.28898,0.10356,8
0.063926,0.10544,8
0.44201,0.10838,8
0.24856,0.10873,8
0.1368,0.11056,8
0.19543,0.11127,8
0.32554,0.11519,8
0.30412,0.11543,8
0.40961,0.11565,8
0.22537,0.11752,8
0.088638,0.11861,8
0.43075,0.11954,8
0.24073,0.11965,8
0.16544,0.12004,8
0.19983,0.12035,8
0.26171,0.12072,8
0.11333,0.12095,8
0.14879,0.12257,8
0.468,0.12598,8
0.40132,0.1268,8
0.38551,0.12859,8
0.44703,0.12995,8
0.036178,0.13145,8
0.2905,0.13582,8
0.08753,0.136,8
0.31049,0.13606,8
0.37246,0.13656,8
0.10716,0.13841,8
0.17623,0.13878,8
0.2236,0.14339,8
0.3427,0.14443,8
0.23311,0.14465,8
0.4339,0.14638,8
0.39183,0.1477,8
0.11855,0.14772,8
0.33283,0.14833,8
0.45259,0.15101,8
0.046207,0.15124,8
0.16934,0.15436,8
0.27908,0.15507,8
0.47586,0.1558,8
0.33631,0.15669,8
0.41858,0.15965,8
0.14716,0.16235,8
0.090965,0.16554,8
0.34702,0.16561,8
0.051573,0.16597,8
0.21936,0.16983,8
0.32028,0.17093,8
0.28224,0.17279,8
0.13573,0.17323,8
0.20218,0.1733,8
0.38822,0.17875,8
0.92994,0.069794,9
0.94239,0.070701,9
0.91458,0.093324,9
0.92292,0.095915,9
0.94897,0.099621,9
0.92531,0.12236,9
0.94783,0.12381,9
0.9632,0.1266,9
0.93674,0.14595,9
0.89729,0.14649,9
0.95639,0.16467,9
0.91308,0.18193,9
0.90836,0.19165,9
0.94805,0.19695,9
0.91089,0.20057,9
0.93233,0.20082,9
0.9001,0.21735,9
0.96375,0.23635,9
0.93107,0.23956,9
0.93203,0.24892,9
0.91641,0.25438,9
0.95725,0.25937,9
0.88025,0.26017,9
0.94183,0.26495,9
0.91348,0.26898,9
0.88794,0.27848,9
0.92594,0.28526,9
0.90527,0.29254,9
0.90995,0.3011,9
0.88993,0.30266,9
0.94764,0.30383,9
0.9382,0.30986,9
0.94867,0.31501,9
0.93038,0.33679,9
0.90758,0.34031,9
0.88906,0.34378,9
0.94989,0.35895,9
0.87977,0.35976,9
0.93244,0.36526,9
0.91105,0.36744,9
0.89252,0.37223,9
0.87479,0.37784,9
0.88673,0.38528,9
0.95846,0.3882,9
0.91919,0.39176,9
0.90046,0.40419,9
0.88943,0.40716,9
0.93847,0.43341,9
0.90864,0.43598,9
0.88663,0.4371,9
0.87138,0.43902,9
0.91058,0.45093,9
0.93771,0.45508,9
0.89834,0.46928,9
0.9365,0.48874,9
0.88632,0.48912,9
0.85887,0.50044,9
0.92002,0.50499,9
0.88956,0.50877,9
0.88749,0.52307,9
0.87061,0.52346,9
0.9223,0.52523,9
0.82428,0.54041,9
0.90959,0.54234,9
0.86211,0.54314,9
0.89844,0.54767,9
0.91871,0.56263,9
0.89544,0.56366,9
0.80107,0.56466,9
0.85595,0.56726,9
0.82369,0.56884,9
0.78201,0.56959,9
0.90268,0.57065,9
0.87223,0.57592,9
0.85745,0.58084,9
0.80004,0.58438,9
0.85271,0.58569,9
0.81827,0.58582,9
0.88935,0.59586,9
0.84869,0.59595,9
0.8316,0.60152,9
0.7799,0.6034,9
0.85702,0.6035,9
0.87824,0.60579,9
0.75662,0.61798,9
0.80454,0.62013,9
0.82202,0.62196,9
0.79774,0.62364,9
0.84672,0.63298,9
0.83293,0.63332,9
0.8616,0.64434,9
0.78982,0.6453,9
0.83255,0.64641,9
0.77371,0.64843,9
0.81009,0.65545,9
0.82255,0.66584,9
0.7624,0.67297,9
0.78856,0.67347,9
0.74083,0.68585,9
0.77795,0.68955,9
0.75068,0.70483,9
0.77452,0.70985,9
0.76512,0.71213,9
0.73507,0.7216,9
0.79813,0.72176,9
0.77576,0.72832,9
0.79378,0.72862,9
0.81497,0.73519,9
0.76088,0.73656,9
0.73937,0.74528,9
0.77698,0.75931,9
0.74783,0.761,9
0.77921,0.77135,9
0.79871,0.77225,9
0.79646,0.78352,9
0.82944,0.78652,9
0.7588,0.79048,9
0.85112,0.80018,9
0.81444,0.80789,9
0.91188,0.81136,9
0.72593,0.82692,9
0.90491,0.82713,9
0.80881,0.82917,9
0.89504,0.8297,9
0.82753,0.83057,9
0.7945,0.83389,9
0.90387,0.83494,9
0.94369,0.83873,9
0.75193,0.83936,9
0.77647,0.84275,9
0.95187,0.8482,9
0.92949,0.85244,9
0.78549,0.85746,9
0.80839,0.85787,9
0.75153,0.85979,9
0.92884,0.86045,9
0.73625,0.86079,9
0.95853,0.86448,9
0.83858,0.8645,9
0.88763,0.86644,9
0.8647,0.87043,9
0.78124,0.87127,9
0.81387,0.87207,9
0.75894,0.87326,9
0.89941,0.87539,9
0.74566,0.8784,9
0.79102,0.8801,9
0.94455,0.88164,9
0.93214,0.88425,9
0.84019,0.88861,9
0.96531,0.88938,9
0.7867,0.89582,9
0.88279,0.8963,9
0.93521,0.89943,9
0.985,0.90237,9
0.89529,0.90326,9
0.74132,0.90786,9
0.80702,0.90904,9
0.97724,0.91203,9
0.81637,0.9124,9
0.75394,0.92069,9
0.82623,0.92071,9
0.92504,0.92265,9
0.76417,0.92501,9
0.96208,0.92679,9
0.85093,0.93143,9
0.90101,0.93227,9
0.97985,0.93683,9
0.74323,0.93916,9
0.94124,0.94014,9
0.79222,0.94066,9
0.8031,0.94085,9
0.92909,0.94156,9
0.87541,0.94618,9
0.89104,0.9464,9
0.7466,0.94894,9
0.86029,0.95222,9
0.82058,0.95441,9
0.90455,0.96624,9
0.9575,0.96925,9
0.87677,0.97115,9
0.89196,0.97274,9
0.84135,0.97636,9
0.78327,0.97684,9
0.81621,0.98632,9
0.80649,0.98862,9
0.92667,0.62507,1
0.96252,0.63315,1
0.94578,0.64857,1
0.98166,0.65203,1
0.93816,0.65889,1
0.90671,0.65954,1
0.99268,0.66853,1
0.97433,0.67884,1
0.96025,0.67908,1
0.94693,0.6885,1
0.92124,0.69265,1
0.97712,0.69658,1
0.90119,0.70786,1
0.93139,0.70933,1
0.91757,0.71998,1
0.95678,0.72452,1
0.97352,0.72667,1
0.94999,0.72801,1
0.96151,0.73571,1
0.97228,0.76101,1
0.93017,0.76481,1
0.95212,0.77674,1
0.23452,0.6305,2
0.20771,0.63617,2
0.21196,0.64631,2
0.24188,0.65746,2
0.2663,0.66045,2
0.18374,0.66398,2
0.21699,0.67968,2
0.17797,0.68215,2
0.23637,0.68535,2
0.27092,0.69275,2
0.18591,0.69285,2
0.23081,0.69508,2
0.1702,0.70171,2
0.23376,0.70955,2
0.22422,0.71002,2
0.27439,0.71014,2
0.25104,0.71317,2
0.23745,0.73012,2
0.22323,0.73849,2
0.20104,0.74251,2
0.26136,0.74989,2
0.27524,0.75887,2
0.19808,0.76356,2
0.21645,0.76605,2
0.24899,0.77852,2
0.21335,0.79215,2
0.25353,0.79468,2
0.22873,0.79986,2
0.48651,0.62394,3
0.5074,0.63783,3
0.48271,0.64555,3
0.46792,0.64831,3
0.51383,0.65781,3
0.45199,0.66326,3
0.46505,0.67763,3
0.50962,0.6791,3
0.53702,0.69285,3
0.49489,0.70234,3
0.48249,0.70353,3
0.45793,0.7058,3
0.44169,0.7062,3
0.53868,0.70634,3
0.51497,0.7166,3
0.44883,0.71848,3
0.43347,0.72932,3
0.48409,0.73011,3
0.45451,0.73939,3
0.47047,0.74804,3
0.52747,0.74957,3
0.43748,0.7633,3
0.49025,0.77327,3
0.5011,0.77589,3
0.45308,0.7808,3
0.51723,0.78921,3
0.47713,0.79283,3
0.6913,0.013136,4
0.66681,0.018643,4
0.64855,0.027435,4
0.67904,0.033151,4
0.71121,0.037639,4
0.74987,0.037702,4
0.64764,0.048261,4
0.73823,0.051212,4
0.67268,0.052976,4
0.74811,0.060993,4
0.62412,0.069221,4
0.65303,0.070553,4
0.71841,0.070604,4
0.66914,0.075754,4
0.73231,0.07758,4
0.64182,0.08195,4
0.74971,0.087885,4
0.70318,0.089327,4
0.71928,0.090732,4
0.76524,0.094727,4
0.6833,0.09904,4
0.63972,0.10005,4
0.7729,0.10128,4
0.76405,0.11347,4
0.63324,0.11486,4
0.75128,0.11852,4
0.73483,0.12372,4
0.64407,0.14437,4
0.63549,0.16522,4
0.63556,0.17763,4
0.60656,0.20457,4
0.63058,0.20626,4
0.61243,0.21979,4
0.66047,0.23449,4
0.62808,0.23593,4
0.61895,0.23663,4
0.63813,0.25214,4
0.67006,0.25522,4
0.68974,0.2614,4
0.64137,0.26684,4
0.68015,0.27179,4
0.71598,0.27467,4
0.68904,0.28646,4
0.70429,0.28804,4
0.6521,0.28865,4
0.65001,0.29576,4
0.69355,0.30549,4
0.66202,0.30646,4
0.68411,0.31088,4
0.6708,0.31964,4
0.70038,0.33057,4
0.73272,0.18429,5
0.74846,0.18692,5
0.802,0.18752,5
0.77939,0.20025,5
0.76076,0.20255,5
0.71437,0.2045,5
0.77601,0.2192,5
0.74706,0.22294,5
0.71596,0.22351,5
0.75592,0.22826,5
0.76814,0.24607,5
0.82028,0.25836,5
0.84456,0.26421,5
0.78587,0.26806,5
0.80633,0.27341,5
0.82224,0.28733,5
0.81105,0.29915,5
0.80026,0.30359,5
0.84164,0.31965,5
0.79768,0.34071,5
0.83528,0.3566,5
0.81456,0.3575,5
0.79334,0.37161,5
0.79146,0.38325,5
0.72005,0.38686,5
0.80261,0.38791,5
0.68844,0.39805,5
0.82907,0.39889,5
0.77054,0.40784,5
0.70666,0.40962,5
0.82744,0.41737,5
0.78129,0.42512,5
0.79671,0.42659,5
0.69549,0.42705,5
0.68036,0.42759,5
0.73785,0.43283,5
0.72829,0.43343,5
0.81231,0.43695,5
0.75345,0.43696,5
0.69268,0.44686,5
0.78435,0.45434,5
0.79497,0.45511,5
0.7523,0.45751,5
0.70357,0.45952,5
0.76722,0.46487,5
0.71966,0.47567,5
0.69972,0.47763,5
0.72962,0.48524,5
0.75425,0.49952,5
0.78686,0.5038,5
0.12836,0.22338,6
0.46162,0.23049,6
0.23664,0.23395,6
0.058477,0.2356,6
0.32844,0.23585,6
0.28551,0.2363,6
0.088716,0.23779,6
0.30711,0.24098,6
0.14632,0.24465,6
0.20447,0.24602,6
0.18538,0.24761,6
0.44252,0.24779,6
0.15925,0.24843,6
0.029624,0.25096,6
0.41993,0.25166,6
0.077496,0.25387,6
0.42827,0.25471,6
0.35075,0.25477,6
0.25584,0.25493,6
0.27831,0.25498,6
0.36645,0.255,6
0.071892,0.25534,6
0.32114,0.25542,6
0.40366,0.25562,6
0.33668,0.25626,6
0.22723,0.25627,6
0.37438,0.2569,6
0.47563,0.26417,6
0.20029,0.26438,6
0.35361,0.26471,6
0.12626,0.26535,6
0.10179,0.26569,6
0.016569,0.26926,6
0.16581,0.27142,6
0.24533,0.27456,6
0.2318,0.27511,6
0.26065,0.27583,6
0.20165,0.27871,6
0.34314,0.28018,6
0.13756,0.28118,6
0.2977,0.28134,6
0.39829,0.28217,6
0.087197,0.28508,6
0.42475,0.2856,6
0.03504,0.28674,6
0.11207,0.28875,6
0.4001,0.28947,6
0.31921,0.29125,6
0.4312,0.29303,6
0.13981,0.29677,6
0.39023,0.29768,6
0.45965,0.29803,6
0.40764,0.2998,6
0.11439,0.29994,6
0.23464,0.29998,6
0.16501,0.30008,6
0.02499,0.30172,6
0.36422,0.30187,6
0.086621,0.30727,6
0.11037,0.308,6
0.32899,0.30862,6
0.14515,0.30885,6
0.30859,0.30899,6
0.15798,0.3091,6
0.25775,0.31017,6
0.056734,0.31115,6
0.27698,0.31128,6
0.26407,0.31503,6
0.47197,0.31532,6
0.045563,0.31741,6
0.18353,0.31844,6
0.22189,0.31887,6
0.15483,0.31951,6
0.44403,0.3203,6
0.24727,0.32115,6
0.36711,0.32123,6
0.030314,0.32208,6
0.085658,0.32233,6
0.33851,0.32713,6
0.053995,0.3319,6
0.47054,0.33231,6
0.066098,0.33313,6
0.03723,0.33566,6
0.18804,0.33568,6
0.2921,0.33613,6
0.40686,0.33729,6
0.38209,0.48692,7
0.42961,0.48837,7
0.40548,0.49018,7
0.3157,0.49188,7
0.23739,0.49332,7
0.51662,0.49372,7
0.30633,0.49521,7
0.36619,0.49695,7
0.21178,0.5044,7
0.47487,0.50782,7
0.33234,0.50833,7
0.23665,0.51177,7
0.38339,0.51317,7
0.29936,0.51366,7
0.18505,0.51418,7
0.16572,0.51479,7
0.27671,0.51489,7
0.3537,0.51583,7
0.37052,0.51623,7
0.42396,0.51658,7
0.4445,0.51748,7
0.53074,0.51929,7
0.48038,0.51963,7
0.33603,0.52272,7
0.37589,0.52306,7
0.19326,0.52437,7
0.36477,0.52465,7
0.24897,0.52663,7
0.14781,0.52726,7
0.50274,0.52761,7
0.51706,0.52971,7
0.30864,0.53067,7
0.25557,0.53124,7
0.21523,0.53207,7
0.52815,0.53499,7
0.50514,0.53501,7
0.45223,0.53512,7
0.55896,0.53587,7
0.22622,0.53595,7
0.5804,0.53602,7
0.15973,0.54032,7
0.32764,0.54185,7
0.39374,0.54208,7
0.26141,0.54236,7
0.51058,0.543,7
0.33008,0.54701,7
0.44245,0.54813,7
0.4339,0.55031,7
0.20175,0.55383,7
0.46978,0.55499,7
0.54506,0.55744,7
0.33593,0.55766,7
0.42319,0.55821,7
0.24994,0.55903,7
0.51602,0.56007,7
0.19013,0.5605,7
0.37149,0.56102,7
0.20072,0.56726,7
0.29411,0.56924,7
0.14853,0.57032,7
0.45143,0.57081,7
0.2748,0.57238,7
0.25369,0.5731,7
0.47469,0.57465,7
0.086134,0.57491,7
0.50808,0.57625,7
0.59414,0.57761,7
0.57462,0.57982,7
0.17305,0.58376,7
0.10444,0.58426,7
0.54617,0.58592,7
0.62694,0.58593,7
0.13058,0.58683,7
0.57786,0.58826,7
0.21872,0.58882,7
0.13917,0.59187,7
0.073822,0.59449,7
0.56455,0.59637,7
0.12459,0.59966,7
0.59223,0.60174,7
0.062869,0.60914,7
0.57534,0.61365,7
0.032964,0.61588,7
0.12048,0.61646,7
0.09135,0.61714,7
0.58954,0.61835,7
0.66893,0.61862,7
0.63668,0.61924,7
0.58418,0.62754,7
0.075051,0.62889,7
0.069565,0.63082,7
0.63577,0.63833,7
0.084059,0.63863,7
0.65647,0.63962,7
0.017803,0.64051,7
0.61856,0.64789,7
0.026431,0.64793,7
0.041814,0.64838,7
0.65107,0.64892,7
0.69081,0.66087,7
0.60943,0.66096,7
0.63075,0.66309,7
0.065793,0.66326,7
0.030554,0.66669,7
0.059265,0.66899,7
0.66116,0.67223,7
0.043287,0.68105,7
0.017035,0.6939,7
0.68928,0.7036,7
0.012169,0.70499,7
0.63811,0.70794,7
0.67405,0.71311,7
0.061816,0.71694,7
0.0041068,0.7177,7
0.041272,0.72915,7
0.65293,0.72945,7
0.62425,0.72955,7
0.69503,0.73591,7
0.0099183,0.73651,7
0.62184,0.74174,7
0.041611,0.74452,7
0.64558,0.75062,7
0.6681,0.75296,7
0.0061315,0.76121,7
0.61668,0.76818,7
0.67974,0.77524,7
0.10037,0.77539,7
0.067738,0.77866,7
0.65948,0.77904,7
0.027493,0.78751,7
0.64675,0.78864,7
0.66481,0.79116,7
0.63332,0.79522,7
0.056217,0.79548,7
0.09205,0.79915,7
0.12311,0.80101,7
0.576,0.80586,7
0.63718,0.81031,7
0.098109,0.81398,7
0.55801,0.81484,7
0.038412,0.81515,7
0.61883,0.81764,7
0.12539,0.81816,7
0.13826,0.81858,7
0.63159,0.82289,7
0.63436,0.82779,7
0.088189,0.82836,7
0.11378,0.82905,7
0.60999,0.83085,7
0.57754,0.83108,7
0.034906,0.83335,7
0.15258,0.83947,7
0.52227,0.83993,7
0.54989,0.84044,7
0.11119,0.84122,7
0.50664,0.8413,7
0.1603,0.8422,7
0.59339,0.84355,7
0.077877,0.84543,7
0.46732,0.84833,7
0.55599,0.84919,7
0.22005,0.84987,7
0.1645,0.8526,7
0.619,0.85265,7
0.2407,0.85313,7
0.30743,0.8543,7
0.56393,0.85643,7
0.43133,0.85685,7
0.48343,0.85733,7
0.1256,0.85779,7
0.21478,0.8617,7
0.27705,0.86222,7
0.43831,0.86237,7
0.4129,0.865,7
0.18167,0.86663,7
0.32366,0.86717,7
0.092661,0.86744,7
0.12146,0.8695,7
0.30274,0.86966,7
0.19274,0.86977,7
0.48481,0.87317,7
0.37305,0.87387,7
0.5839,0.87572,7
0.406,0.87688,7
0.3895,0.87849,7
0.12975,0.87851,7
0.36227,0.87997,7
0.55389,0.88123,7
0.27964,0.88123,7
0.31305,0.88187,7
0.33903,0.88202,7
0.45341,0.88494,7
0.16321,0.88568,7
0.26696,0.8857,7
0.29491,0.88627,7
0.24448,0.88754,7
0.14268,0.88803,7
0.4828,0.88818,7
0.5445,0.89123,7
0.44431,0.89355,7
0.18742,0.89519,7
0.45161,0.89544,7
0.21689,0.89635,7
0.50418,0.89639,7
0.53679,0.89722,7
0.40138,0.90096,7
0.2622,0.90171,7
0.49116,0.9069,7
0.35073,0.90745,7
0.23977,0.90928,7
0.2938,0.90991,7
0.15679,0.91077,7
0.28418,0.9112,7
0.41217,0.91179,7
0.17766,0.91245,7
0.25392,0.91456,7
0.45733,0.91969,7
0.44519,0.92269,7
0.20915,0.9233,7
0.22497,0.92713,7
0.32129,0.92871,7
0.4687,0.9312,7
0.38011,0.93133,7
0.30335,0.93249,7
0.25872,0.93368,7
0.42873,0.94135,7
0.34825,0.94141,7
0.37186,0.065656,8
0.068269,0.067672,8
0.16077,0.068502,8
0.34572,0.07216,8
0.10819,0.072249,8
0.39439,0.072862,8
0.26674,0.074643,8
0.42837,0.076102,8
0.18062,0.078238,8
0.2405,0.079572,8
0.30553,0.081283,8
0.21752,0.08312,8
0.063136,0.083747,8
0.13918,0.083858,8
0.085277,0.084591,8
0.43946,0.085289,8
0.36292,0.087662,8
0.19828,0.0882,8
0.26016,0.088362,8
0.021588,0.088855,8
0.28306,0.090089,8
0.14945,0.092722,8
0.45716,0.094557,8
0.029864,0.095831,8
0.24507,0.098716,8
0.11989,0.09904,8
0.30524,0.099637,8
0.40734,0.10083,8
0.35563,0.10172,8
0.47486,0.10236,8
0.18021,0.10251,8
0.45061,0.1034,8
0.049473,0.10466,8
0.3824,0.10645,8
0.42703,0.10714,8
0.33456,0.10966,8
0.084575,0.11117,8
0.17424,0.1126,8
0.093764,0.11473,8
0.026884,0.1153,8
0.19278,0.11596,8
0.12535,0.11626,8
0.39563,0.11865,8
0.24866,0.12018,8
0.30301,0.12078,8
0.41588,0.12363,8
0.25739,0.12444,8
0.46011,0.12512,8
0.20673,0.12599,8
0.4392,0.12602,8
0.039859,0.12714,8
0.32663,0.12817,8
0.13461,0.13039,8
0.42376,0.13131,8
0.2117,0.13472,8
0.34088,0.13655,8
0.24697,0.13744,8
0.38374,0.14011,8
0.09759,0.14254,8
0.23684,0.1434,8
0.33845,0.14425,8
0.47261,0.14437,8
0.13999,0.14619,8
0.22436,0.14635,8
0.080961,0.14688,8
0.045144,0.14745,8
0.1863,0.14749,8
0.37153,0.14759,8
0.12702,0.1495,8
0.29382,0.15311,8
0.34474,0.15479,8
0.43036,0.1582,8
0.37044,0.16108,8
0.25783,0.16546,8
0.17184,0.16607,8
0.073094,0.16623,8
0.043467,0.16774,8
0.15153,0.16852,8
0.449,0.16885,8
0.018173,0.16965,8
0.30836,0.17437,8
0.21199,0.17482,8
0.92807,0.07813,9
0.9521,0.088078,9
0.92318,0.10419,9
0.93828,0.10752,9
0.91497,0.11035,9
0.93424,0.11781,9
0.89756,0.12677,9
0.95565,0.14005,9
0.94006,0.15311,9
0.93086,0.16513,9
0.91207,0.17231,9
0.9626,0.18457,9
0.94251,0.19209,9
0.89653,0.19595,9
0.91398,0.20922,9
0.92417,0.21177,9
0.89129,0.22233,9
0.90139,0.22489,9
0.95987,0.23041,9
0.93724,0.24307,9
0.91602,0.24696,9
0.96155,0.24789,9
0.89927,0.26096,9
0.90653,0.27107,9
0.93757,0.27403,9
0.90674,0.28699,9
0.93132,0.29041,9
0.91893,0.29167,9
0.96491,0.29395,9
0.94829,0.29434,9
0.896,0.30601,9
0.93556,0.32067,9
0.91538,0.32638,9
0.90082,0.32765,9
0.93456,0.3322,9
0.95287,0.33482,9
0.89561,0.34459,9
0.87722,0.34587,9
0.94082,0.36634,9
0.89341,0.36661,9
0.92565,0.37501,9
0.95118,0.38095,9
0.89071,0.38707,9
0.90133,0.38745,9
0.88498,0.40109,9
0.92458,0.40538,9
0.92276,0.42232,9
0.89334,0.42755,9
0.91443,0.42969,9
0.87954,0.43062,9
0.88546,0.43483,9
0.91932,0.4573,9
0.94515,0.46884,9
0.89429,0.47481,9
0.91037,0.47622,9
0.87726,0.47715,9
0.91338,0.49885,9
0.88235,0.50099,9
0.92129,0.52066,9
0.92877,0.5221,9
0.86741,0.52817,9
0.88254,0.53148,9
0.91744,0.53997,9
0.8115,0.54648,9
0.83853,0.54728,9
0.88349,0.54845,9
0.88737,0.55794,9
0.80135,0.55849,9
0.81578,0.55982,9
0.84957,0.56571,9
0.87505,0.56776,9
0.91568,0.56826,9
0.80401,0.56889,9
0.87119,0.57505,9
0.79329,0.58561,9
0.84773,0.58937,9
0.85402,0.59272,9
0.82456,0.59531,9
0.85157,0.59745,9
0.86985,0.59876,9
0.79335,0.60055,9
0.76209,0.60925,9
0.81073,0.60976,9
0.87273,0.61603,9
0.80068,0.61791,9
0.83609,0.62279,9
0.77247,0.62501,9
0.84385,0.62609,9
0.82099,0.63428,9
0.80157,0.63526,9
0.86283,0.63614,9
0.83473,0.64191,9
0.75816,0.65594,9
0.77137,0.6576,9
0.81092,0.6629,9
0.74517,0.67066,9
0.81798,0.6719,9
0.76657,0.68875,9
0.75,0.70073,9
0.78048,0.71236,9
0.81421,0.71468,9
0.80219,0.71551,9
0.77393,0.71973,9
0.75106,0.72531,9
0.73584,0.73199,9
0.72111,0.73591,9
0.74426,0.73897,9
0.79253,0.73905,9
0.77288,0.74116,9
0.82131,0.75291,9
0.76473,0.75807,9
0.7916,0.77143,9
0.76672,0.77677,9
0.78108,0.78007,9
0.74701,0.78009,9
0.78714,0.79094,9
0.83328,0.79968,9
0.82112,0.80493,9
0.7616,0.81653,9
0.82158,0.81791,9
0.86557,0.82203,9
0.91812,0.82407,9
0.83722,0.82471,9
0.90856,0.82687,9
0.8872,0.82723,9
0.78277,0.83212,9
0.76893,0.83391,9
0.90329,0.83834,9
0.93354,0.83836,9
0.74,0.84112,9
0.96124,0.8463,9
0.84495,0.84767,9
0.92446,0.84844,9
0.86763,0.85065,9
0.97122,0.85259,9
0.75992,0.85499,9
0.75507,0.86472,9
0.92108,0.86784,9
0.96948,0.86806,9
0.78947,0.86836,9
0.81376,0.86908,9
0.77222,0.87115,9
0.93962,0.87256,9
0.7606,0.87498,9
0.86437,0.87902,9
0.91029,0.88003,9
0.79182,0.88463,9
0.75279,0.88515,9
0.99227,0.88531,9
0.94753,0.88839,9
0.85561,0.89197,9
0.80788,0.89577,9
0.9317,0.89928,9
0.73038,0.89965,9
0.7954,0.90292,9
0.96903,0.90966,9
0.87335,0.91004,9
0.89361,0.91263,9
0.81378,0.91287,9
0.77214,0.91794,9
0.9469,0.91931,9
0.98769,0.91948,9
0.7974,0.92048,9
0.84233,0.92414,9
0.90127,0.9246,9
0.75243,0.92535,9
0.88152,0.92615,9
0.73793,0.93495,9
0.78405,0.94053,9
0.94323,0.94177,9
0.8298,0.94231,9
0.95456,0.94421,9
0.86513,0.94707,9
0.93967,0.94787,9
0.81232,0.95185,9
0.87692,0.95323,9
0.75589,0.95646,9
0.92892,0.95693,9
0.91416,0.96334,9
0.79304,0.96938,9
0.81166,0.97312,9
0.89976,0.98073,9
0.82293,0.9852,9
0.84182,0.98792,9
0.81029,1,9
0.96319,0.62049,1
0.93297,0.6331,1
0.92848,0.65354,1
0.95512,0.65971,1
0.91208,0.66174,1
0.93083,0.66818,1
0.97023,0.67534,1
0.98427,0.67543,1
0.94129,0.68073,1
0.99489,0.68542,1
0.90934,0.6889,1
0.94039,0.69095,1
1,0.70546,1
0.91356,0.70831,1
0.96478,0.71049,1
0.93575,0.71644,1
0.93629,0.72793,1
0.95366,0.73368,1
0.96967,0.75137,1
0.91273,0.76049,1
0.94764,0.77873,1
0.96386,0.78038,1
0.21541,0.62951,2
0.25688,0.63942,2
0.21987,0.65468,2
0.2467,0.66203,2
0.18005,0.67191,2
0.23022,0.67715,2
0.24609,0.6818,2
0.17961,0.68953,2
0.22587,0.69391,2
0.19863,0.69668,2
0.28044,0.69928,2
0.26055,0.70269,2
0.22846,0.70435,2
0.18954,0.70532,2
0.25299,0.71294,2
0.22744,0.71864,2
0.24209,0.72776,2
0.27042,0.72795,2
0.21923,0.73809,2
0.25999,0.74185,2
0.19934,0.75612,2
0.18675,0.75613,2
0.24242,0.76295,2
0.19466,0.77024,2
0.20647,0.77312,2
0.23311,0.78719,2
0.25044,0.78774,2
0.21759,0.79366,2
0.47409,0.62709,3
0.49429,0.63564,3
0.48083,0.64094,3
0.49213,0.6606,3
0.46732,0.66392,3
0.53394,0.66955,3
0.49753,0.6739,3
0.45934,0.67998,3
0.53642,0.68435,3
0.48503,0.69336,3
0.51882,0.69569,3
0.47615,0.6972,3
0.43644,0.69858,3
0.4935,0.7097,3
0.42365,0.71,3
0.5037,0.71064,3
0.44639,0.71696,3
0.522,0.72802,3
0.47117,0.73672,3
0.53239,0.73943,3
0.48822,0.74687,3
0.47625,0.7601,3
0.45276,0.76422,3
0.44282,0.7665,3
0.48944,0.77016,3
0.49767,0.78975,3
0.46358,0.79087,3
0.46931,0.80144,3
0.69994,0.0038226,4
0.71164,0.015323,4
0.65454,0.019618,4
0.70711,0.033269,4
0.65772,0.038362,4
0.64521,0.040334,4
0.73683,0.041257,4
0.67835,0.057215,4
0.74042,0.057558,4
0.65626,0.063718,4
0.76041,0.064954,4
0.7268,0.070562,4
0.74411,0.073179,4
0.65089,0.077784,4
0.64323,0.079124,4
0.71154,0.081156,4
0.69054,0.082899,4
0.61662,0.091111,4
0.68189,0.09881,4
0.77896,0.099489,4
0.77003,0.099898,4
0.70881,0.10086,4
0.71765,0.10458,4
0.6614,0.10689,4
0.7529,0.10706,4
0.76296,0.11168,4
0.62236,0.11508,4
0.64013,0.13585,4
0.6209,0.1618,4
0.63603,0.18694,4
0.61252,0.19613,4
0.64591,0.21261,4
0.63889,0.21537,4
0.62757,0.22519,4
0.61106,0.24356,4
0.63077,0.24733,4
0.62468,0.24817,4
0.65388,0.24822,4
0.63011,0.25947,4
0.69867,0.2599,4
0.67946,0.2691,4
0.71483,0.27446,4
0.65246,0.27594,4
0.73173,0.2921,4
0.65887,0.29454,4
0.7123,0.29617,4
0.68804,0.29623,4
0.64956,0.30085,4
0.66783,0.30173,4
0.66455,0.30918,4
0.69772,0.31008,4
0.73474,0.18736,5
0.74587,0.18772,5
0.78251,0.19627,5
0.77797,0.19938,5
0.7319,0.20207,5
0.71842,0.20862,5
0.73969,0.22081,5
0.77848,0.22127,5
0.75804,0.23044,5
0.75043,0.24159,5
0.76785,0.24779,5
0.79858,0.25296,5
0.83608,0.25736,5
0.79039,0.2657,5
0.8395,0.26651,5
0.8043,0.2761,5
0.80349,0.28278,5
0.81638,0.29591,5
0.82298,0.31645,5
0.83198,0.34098,5
0.80564,0.35087,5
0.83396,0.37414,5
0.81067,0.38326,5
0.79293,0.38751,5
0.69665,0.39058,5
0.82847,0.39165,5
0.68305,0.39713,5
0.80494,0.39714,5
0.76879,0.40704,5
0.81775,0.40882,5
0.70769,0.41056,5
0.66447,0.41076,5
0.78183,0.41772,5
0.78971,0.42117,5
0.71565,0.42871,5
0.733,0.43023,5
0.68515,0.43054,5
0.77424,0.44068,5
0.73367,0.44439,5
0.81353,0.44731,5
0.70268,0.45503,5
0.77161,0.45955,5
0.73087,0.46082,5
0.71069,0.47523,5
0.80111,0.47558,5
0.7617,0.48138,5
0.74496,0.4904,5
0.78494,0.4984,5
0.75654,0.50309,5
0.079082,0.23102,6
0.198,0.23166,6
0.063501,0.23205,6
0.28445,0.23429,6
0.12131,0.23437,6
0.35654,0.23504,6
0.31235,0.23673,6
0.42596,0.23801,6
0.46976,0.23852,6
0.24303,0.23906,6
0.035835,0.24178,6
0.44941,0.24507,6
0.10056,0.24519,6
0.26755,0.24543,6
0.31164,0.24569,6
0.3841,0.24633,6
0.34178,0.25063,6
0.15062,0.25081,6
0.41531,0.2509,6
0.4369,0.25091,6
0.37621,0.25155,6
0.2081,0.25295,6
0.1679,0.25572,6
0.3174,0.25693,6
0.021196,0.25826,6
0.076831,0.25941,6
0.25518,0.26009,6
0.39744,0.26029,6
0.29093,0.26152,6
0.21702,0.26197,6
0.095334,0.26543,6
0.20333,0.26553,6
0.36148,0.26821,6
0.16117,0.26833,6
0.27114,0.26888,6
0.12018,0.27105,6
0.1061,0.27396,6
0.23317,0.27667,6
0.39315,0.27766,6
0.11353,0.2788,6
0.26216,0.2816,6
0.31383,0.282,6
0.24683,0.28467,6
0.085128,0.28571,6
0.44649,0.28632,6
0.42964,0.28707,6
0.017868,0.28912,6
0.35477,0.29034,6
0.049875,0.29437,6
0.39922,0.29572,6
0.13655,0.29584,6
0.10337,0.29657,6
0.22598,0.29816,6
0.18466,0.30163,6
0.14315,0.30294,6
0.2441,0.3031,6
0.16259,0.30344,6
0.3794,0.30805,6
0.14796,0.30915,6
0.28326,0.30957,6
0.33351,0.31167,6
0.015143,0.31231,6
0.25103,0.31308,6
0.075242,0.31323,6
0.43384,0.31329,6
0.044545,0.31376,6
0.41025,0.31462,6
0.25918,0.31797,6
0.27014,0.31873,6
0.097316,0.31919,6
0.19056,0.31973,6
0.20723,0.32066,6
0.47444,0.32068,6
0.23565,0.32374,6
0.14865,0.32414,6
0.46439,0.32448,6
0.028469,0.32675,6
0.084025,0.32947,6
0.43617,0.33011,6
0.30217,0.33019,6
0.34359,0.3314,6
0.020071,0.33189,6
0.46311,0.33554,6
0.27628,0.33557,6
0.041966,0.33732,6
0.38933,0.34184,6
0.41236,0.48064,7
0.30775,0.48087,7
0.29094,0.48214,7
0.39299,0.48239,7
0.3545,0.49467,7
0.48447,0.49971,7
0.33574,0.5001,7
0.2596,0.50265,7
0.23167,0.50493,7
0.30817,0.50811,7
0.37342,0.51176,7
0.34003,0.51228,7
0.23455,0.5124,7
0.47222,0.51279,7
0.48376,0.51376,7
0.27729,0.51445,7
0.41168,0.51503,7
0.51748,0.51638,7
0.17256,0.52097,7
0.50142,0.52109,7
0.36265,0.52391,7
0.53407,0.52422,7
0.26589,0.52674,7
0.29247,0.52775,7
0.38266,0.52825,7
0.44615,0.52866,7
0.41012,0.53015,7
0.2177,0.53017,7
0.19672,0.53027,7
0.14442,0.53144,7
0.57396,0.53182,7
0.50023,0.53887,7
0.31433,0.53971,7
0.4768,0.54027,7
0.16091,0.54077,7
0.32724,0.54139,7
0.3403,0.54188,7
0.26013,0.54474,7
0.5567,0.54619,7
0.50075,0.54636,7
0.14659,0.54652,7
0.22364,0.54683,7
0.5268,0.54694,7
0.43082,0.54717,7
0.20132,0.5501,7
0.56931,0.55267,7
0.3839,0.55469,7
0.41985,0.55509,7
0.42747,0.55672,7
0.47739,0.55719,7
0.34717,0.55792,7
0.2781,0.5589,7
0.49765,0.55906,7
0.51364,0.55998,7
0.61319,0.5603,7
0.23111,0.56518,7
0.39234,0.56664,7
0.31793,0.5669,7
0.2703,0.56742,7
0.19073,0.56792,7
0.34496,0.56894,7
0.27564,0.57223,7
0.086597,0.5725,7
0.11705,0.57329,7
0.2065,0.57538,7
0.59014,0.57769,7
0.1327,0.57832,7
0.14365,0.57848,7
0.57077,0.57959,7
0.4985,0.58329,7
0.18099,0.58461,7
0.15304,0.58614,7
0.58125,0.58791,7
0.53926,0.58877,7
0.052895,0.59036,7
0.62929,0.59364,7
0.60024,0.59387,7
0.078276,0.59499,7
0.65754,0.59921,7
0.16518,0.60245,7
0.56352,0.60634,7
0.591,0.61237,7
0.56995,0.61248,7
0.093264,0.61612,7
0.12911,0.61619,7
0.05475,0.62323,7
0.072792,0.62694,7
0.58297,0.62925,7
0.065205,0.63088,7
0.045249,0.63184,7
0.66222,0.63239,7
0.020055,0.63623,7
0.62618,0.63727,7
0.64051,0.63863,7
0.64785,0.63996,7
0.062398,0.64262,7
0.6034,0.6458,7
0.031163,0.6485,7
0.078492,0.66264,7
0.61428,0.66489,7
0.040036,0.66954,7
0.67815,0.67392,7
0.059026,0.67584,7
0.63506,0.67824,7
0.022545,0.68516,7
0.65304,0.69085,7
0,0.69355,7
0.68751,0.69755,7
0.015221,0.70381,7
0.055782,0.70988,7
0.67421,0.71327,7
0.63962,0.71684,7
0.62904,0.71833,7
0.050004,0.72118,7
0.032527,0.72849,7
0.64873,0.73275,7
0.048858,0.73806,7
0.64271,0.74437,7
0.6917,0.7474,7
0.64806,0.74935,7
0.081015,0.7542,7
0.033986,0.75797,7
0.68427,0.767,7
0.67128,0.76984,7
0.013779,0.77618,7
0.6514,0.77634,7
0.066822,0.78356,7
0.60896,0.78892,7
0.58603,0.78955,7
0.64648,0.79118,7
0.095487,0.79171,7
0.63478,0.79594,7
0.66374,0.7982,7
0.11487,0.79881,7
0.56774,0.80224,7
0.069804,0.80404,7
0.13435,0.80627,7
0.094522,0.80826,7
0.63378,0.80944,7
0.098528,0.81417,7
0.0318,0.81497,7
0.54912,0.82018,7
0.066462,0.82077,7
0.63224,0.82119,7
0.56024,0.82847,7
0.10016,0.82865,7
0.1238,0.82893,7
0.59679,0.82957,7
0.60791,0.83333,7
0.13564,0.83462,7
0.15735,0.83503,7
0.18299,0.83518,7
0.57918,0.83781,7
0.20878,0.84086,7
0.51557,0.84092,7
0.5545,0.84145,7
0.59173,0.84146,7
0.54253,0.84463,7
0.10646,0.84538,7
0.1625,0.8456,7
0.083419,0.84771,7
0.4946,0.84992,7
0.16184,0.85216,7
0.12826,0.85358,7
0.32499,0.85554,7
0.17655,0.85562,7
0.41791,0.85624,7
0.56495,0.8591,7
0.38752,0.86053,7
0.23902,0.86109,7
0.1201,0.86231,7
0.082632,0.86283,7
0.43259,0.86288,7
0.43784,0.86317,7
0.32571,0.86585,7
0.3656,0.86635,7
0.29801,0.86688,7
0.40302,0.86984,7
0.25141,0.8706,7
0.47172,0.87416,7
0.49234,0.87436,7
0.4001,0.87567,7
0.55132,0.87918,7
0.31563,0.87952,7
0.38524,0.88125,7
0.17152,0.88137,7
0.26987,0.8817,7
0.5887,0.88234,7
0.1319,0.88313,7
0.21142,0.88563,7
0.28322,0.88588,7
0.26665,0.88633,7
0.14487,0.88716,7
0.4441,0.8872,7
0.30068,0.88752,7
0.55966,0.88992,7
0.19567,0.89235,7
0.36409,0.89309,7
0.24406,0.89374,7
0.54736,0.89721,7
0.47518,0.89922,7
0.45532,0.90069,7
0.40685,0.90087,7
0.52492,0.90333,7
0.48748,0.90344,7
0.13294,0.90507,7
0.42695,0.90579,7
0.17452,0.90773,7
0.24793,0.90883,7
0.19153,0.91038,7
0.29915,0.91184,7
0.22981,0.91489,7
0.28116,0.91602,7
0.44921,0.91643,7
0.39814,0.91915,7
0.24501,0.92128,7
0.4692,0.9223,7
0.31242,0.92565,7
0.21031,0.92659,7
0.37864,0.92668,7
0.41599,0.92816,7
0.29234,0.93015,7
0.24202,0.93179,7
0.27175,0.93295,7
0.37004,0.93793,7
0.42717,0.93856,7
0.32302,0.065936,8
0.26939,0.066617,8
0.44459,0.067101,8
0.1555,0.068053,8
0.21303,0.072999,8
0.16792,0.073332,8
0.060688,0.074674,8
0.2853,0.075332,8
0.40346,0.076605,8
0.047534,0.080348,8
0.38658,0.0811,8
0.46708,0.082533,8
0.21041,0.082801,8
0.30039,0.083153,8
0.024952,0.084654,8
0.083894,0.085148,8
0.47694,0.087732,8
0.069966,0.088806,8
0.31421,0.089288,8
0.12153,0.091498,8
0.26433,0.091588,8
0.35769,0.096115,8
0.25157,0.096129,8
0.030998,0.096367,8
0.40608,0.097163,8
0.044735,0.097421,8
0.13723,0.098258,8
0.19589,0.10217,8
0.099773,0.10448,8
0.15368,0.10462,8
0.33034,0.10792,8
0.19364,0.10947,8
0.41741,0.11104,8
0.13134,0.11357,8
0.23973,0.11396,8
0.22291,0.11418,8
0.2913,0.116,8
0.092108,0.11757,8
0.43468,0.11791,8
0.47779,0.11974,8
0.20863,0.12029,8
0.10903,0.12152,8
0.38955,0.12195,8
0.31951,0.12367,8
0.17009,0.12389,8
0.25541,0.1251,8
0.452,0.12585,8
0.35022,0.12595,8
0.4021,0.1287,8
0.4369,0.12961,8
0.2436,0.13067,8
0.27298,0.13075,8
0.41193,0.13151,8
0.37558,0.13218,8
0.3379,0.13256,8
0.015957,0.13272,8
0.032776,0.13376,8
0.3114,0.13527,8
0.1113,0.13553,8
0.38299,0.1404,8
0.16259,0.14144,8
0.078649,0.14502,8
0.03549,0.14515,8
0.337,0.14604,8
0.094081,0.14634,8
0.13343,0.14722,8
0.22701,0.14739,8
0.4627,0.14919,8
0.27365,0.14959,8
0.1881,0.15038,8
0.43343,0.15284,8
0.45545,0.15344,8
0.12915,0.15364,8
0.29614,0.1544,8
0.14656,0.16337,8
0.010536,0.16413,8
0.17198,0.16527,8
0.32193,0.16611,8
0.053986,0.17003,8
0.40025,0.17319,8
0.36764,0.17331,8
0.22067,0.17861,8
0.94542,0.092711,9
0.92523,0.096183,9
0.91827,0.097062,9
0.94727,0.11043,9
0.90183,0.11694,9
0.92039,0.11782,9
0.9409,0.11806,9
0.96078,0.13318,9
0.94415,0.14742,9
0.9293,0.17108,9
0.91522,0.183,9
0.94337,0.19043,9
0.92035,0.19808,9
0.95957,0.2002,9
0.90595,0.21278,9
0.88881,0.2176,9
0.92397,0.21828,9
0.96566,0.22736,9
0.93933,0.23761,9
0.96018,0.24747,9
0.91079,0.24768,9
0.89633,0.25436,9
0.94286,0.26451,9
0.90202,0.26828,9
0.95828,0.28305,9
0.93221,0.28863,9
0.903,0.29356,9
0.94531,0.29883,9
0.87758,0.30351,9
0.89745,0.30724,9
0.95863,0.31275,9
0.9373,0.31835,9
0.92142,0.32621,9
0.95668,0.32767,9
0.92643,0.33242,9
0.89161,0.34256,9
0.95805,0.35141,9
0.93074,0.35553,9
0.8756,0.36375,9
0.92207,0.37168,9
0.89436,0.37216,9
0.88592,0.37398,9
0.89454,0.38763,9
0.95789,0.39133,9
0.91962,0.40024,9
0.88824,0.4113,9
0.92256,0.41897,9
0.87999,0.42447,9
0.87156,0.4338,9
0.89954,0.43601,9
0.95352,0.44934,9
0.931,0.4544,9
0.89265,0.46353,9
0.89577,0.47694,9
0.95593,0.47702,9
0.86903,0.49779,9
0.88487,0.51184,9
0.90338,0.51626,9
0.87456,0.51672,9
0.92189,0.52118,9
0.88192,0.5307,9
0.8595,0.53384,9
0.92484,0.5376,9
0.86248,0.54983,9
0.79987,0.55491,9
0.91952,0.55705,9
0.853,0.56293,9
0.91366,0.56538,9
0.81962,0.56619,9
0.80664,0.56927,9
0.86083,0.56944,9
0.89404,0.56961,9
0.87174,0.57401,9
0.78071,0.58187,9
0.85227,0.5892,9
0.79904,0.59037,9
0.86177,0.59128,9
0.84639,0.59139,9
0.82087,0.5926,9
0.84943,0.59832,9
0.88064,0.60023,9
0.83634,0.60379,9
0.80583,0.60852,9
0.81521,0.61176,9
0.84421,0.61594,9
0.76808,0.61631,9
0.80555,0.62023,9
0.79234,0.62276,9
0.77954,0.62668,9
0.8642,0.6407,9
0.82974,0.64268,9
0.82717,0.6494,9
0.78825,0.65092,9
0.80241,0.66053,9
0.76305,0.66121,9
0.74246,0.67086,9
0.81773,0.67304,9
0.77105,0.69252,9
0.73468,0.69713,9
0.7921,0.7005,9
0.75045,0.71152,9
0.79943,0.72069,9
0.74498,0.72131,9
0.77085,0.72268,9
0.81895,0.73468,9
0.78341,0.73768,9
0.74902,0.73893,9
0.76729,0.74493,9
0.72043,0.75326,9
0.75345,0.77205,9
0.80361,0.77311,9
0.76983,0.77793,9
0.73734,0.77892,9
0.78536,0.7802,9
0.82351,0.78914,9
0.84753,0.79388,9
0.82691,0.80865,9
0.79144,0.80952,9
0.90812,0.81372,9
0.80988,0.81377,9
0.7214,0.8174,9
0.839,0.81928,9
0.90789,0.8252,9
0.76855,0.82527,9
0.7536,0.83124,9
0.8102,0.83289,9
0.90229,0.83673,9
0.85049,0.84156,9
0.74884,0.8419,9
0.95682,0.84675,9
0.7222,0.84759,9
0.95081,0.84813,9
0.88462,0.85039,9
0.92013,0.85061,9
0.86019,0.85556,9
0.74646,0.85659,9
0.92739,0.85901,9
0.81652,0.86277,9
0.77156,0.86806,9
0.95716,0.86811,9
0.84892,0.86865,9
0.75701,0.87005,9
0.83128,0.87614,9
0.79022,0.87694,9
0.9097,0.8775,9
0.92979,0.87982,9
0.7971,0.8815,9
0.95702,0.88337,9
0.76566,0.88447,9
0.73921,0.89295,9
0.89678,0.89426,9
0.93382,0.89744,9
0.96625,0.8987,9
0.86648,0.89871,9
0.80277,0.89991,9
0.81101,0.90474,9
0.9206,0.90855,9
0.77615,0.91,9
0.80014,0.91513,9
0.72073,0.91541,9
0.87076,0.91649,9
0.9935,0.91667,9
0.97181,0.91722,9
0.83077,0.9255,9
0.76183,0.92645,9
0.90582,0.92937,9
0.93903,0.93153,9
0.79855,0.93379,9
0.88384,0.9344,9
0.76115,0.93696,9
0.94309,0.9436,9
0.87774,0.94998,9
0.80729,0.95127,9
0.96447,0.95229,9
0.81436,0.95658,9
0.85532,0.95944,9
0.78208,0.96867,9
0.9165,0.96924,9
0.81308,0.96929,9
0.80207,0.97157,9
0.95259,0.97219,9
0.89176,0.9762,9
0.90557,0.97707,9
0.82666,0.98121,9
0.83948,0.99055,9
