1,0.5,1,0.27419,1,1,0.85608,0,0.5,0.5,0.5,0.5,0.5,0.5,0,0.57258,0.77047,0.30335,0,0.22767,0.15013,1,0.5,0.5,1,0.95348,0.75806,1,1,0.3995,0.62841,1,0.33809,1,1
1,0.5,0.98794,0.44699,0.97301,0.396,0.96403,0.35825,0.92998,0.36329,0.89883,0.26036,0.89112,0.24618,0.87314,0.19282,0.78973,0.15957,0.68926,0.13179,0.68162,0.11719,0.65949,0.10124,0.61396,0.09183,0.56829,0.08745,0.52303,0.088025,0.47869,0.09341,0.43084,0.095125,2
1,0.5,1,0.41842,1,0.44915,0.99999,0.42402,1,0.40362,0.97027,0.32425,0.97867,0.35108,0.96859,0.32794,0.97243,0.35947,0.95069,0.28309,0.93022,0.26346,0.91494,0.2439,0.9204,0.26431,0.88112,0.20815,0.82861,0.15603,0.84357,0.17732,0.82364,0.16387,2
0,0.5,1,1,0.5,0.5,0.5,0.5,0,0,0.5,0.5,0.5,0.5,0,0,0,0,0,1,0,1,0.5,0.5,0.5,0.5,1,0,0,1,0,1,0,1,1
1,0.5,0.98035,0.53544,1,0.52148,1,0.54656,0.95084,0.47428,0.94632,0.5129,0.91625,0.46929,0.93767,0.54915,0.88272,0.5014,0.87603,0.47352,0.82981,0.46048,0.82079,0.47036,0.77838,0.46148,0.79025,0.48897,0.74832,0.49374,0.75655,0.49993,0.76049,0.49909,2
0,0.5,0,0,1,1,1,0,0,1,1,0,0,0,0.5,0.5,1,1,0,0,1,0,1,0,1,1,1,0,1,0,0,1,1,0,1
1,0.5,0.9562,0.52173,0.97096,0.5114,0.97352,0.52672,0.96791,0.5066,0.95955,0.53174,0.96383,0.56034,0.96024,0.53106,0.94449,0.56361,0.91872,0.5722,0.90492,0.55924,0.88521,0.57111,0.87877,0.55649,0.86775,0.56641,0.83193,0.5765,0.85462,0.55377,0.82629,0.55724,2
1,0.5,1,0.51231,0.99836,0.52431,0.98772,0.53571,0.80873,0,0.95518,0.55573,0.94231,0.7682,0.91038,0.57068,0.88465,0.57595,1,0.70501,0.82925,0.58186,0.80069,0.58258,0.77223,0.58195,0.74433,0.5801,0.7174,0.57718,0.69176,0.57339,1,1,1
1,0.5,0.95466,0.54395,0.93264,0.58444,1,0.58299,0.77594,0.84077,0.85103,0.68359,0.58143,0.71369,0.7881,0.73043,0.75533,0.74809,0.65819,0.56483,0.68912,0.77231,0.65637,0.77913,0.62428,0.78263,0.59313,0.78303,0.56317,0.78051,0.53463,0.77531,0.56068,0.83869,2
1,0.5,0.17857,0,1,0.91429,1,0,1,0.38304,1,0.9808,1,0.31161,1,0,1,0.5692,1,0,1,0.48303,0.07857,1,0.76875,0.92857,1,1,1,0,1,0,1,0,1
1,0.5,0.16032,0,0,1,1,0.81659,0.51758,0,0,0,1,1,0.94342,0,0,1,0.9192,1,1,0,0,0,0.40572,1,1,0,0,0,0,1,1,0.66806,1
1,0.5,1,0.54885,1,0.56098,1,0.61287,0.99301,0.54619,0.97465,0.59606,0.96496,0.62144,0.9462,0.64172,0.92765,0.6336,0.91828,0.66565,0.91697,0.65849,0.87414,0.69798,0.88096,0.67329,0.84226,0.71373,0.81382,0.73015,0.78395,0.73517,0.77126,0.75452,2
1,0.5,1,0.584,0.99676,0.58167,0.97308,0.66673,0.9588,0.61305,0.95704,0.68554,0.92125,0.7345,0.90505,0.74613,0.89237,0.74155,0.82546,0.78489,0.78276,0.79035,0.77793,0.8236,0.74155,0.77618,0.71659,0.84564,0.67842,0.88074,0.66961,0.83422,0.6105,0.89343,2
0,0.5,1,0,1,0,1,0,1,0,1,1,1,1,1,0,1,1,1,1,1,1,1,0,1,0,1,0,1,0.82813,0.5,0.5,1,0,1
1,0.5,1,0.83892,0.90654,0.9101,0.7151,1,0.6031,0.9027,0.28064,1,0.10433,0.88546,0,0.70134,0.30477,0.20683,0.010465,0.28589,0.13459,0.1183,0.31165,0.012545,0.70683,0,0.70889,0.03352,0.62887,0,0.96785,0.32389,0.99408,0.51723,2
0,0.5,1,1,1,0,1,1,1,1,1,1,1,1,1,1,1,0,0,1,0,1,0,1,1,0,1,1,0,1,0,0,0,1,1
1,0.5,1,0.46698,1,0.81468,1,0.54778,1,0.6014,1,0,1,0.2972,1,0.42074,1,0.52448,1,0.19231,1,0.36713,1,0,1,0.20979,1,0.09314,1,0,1,0.10723,1,0.25874,2
1,0.5,0.78824,0.49216,0.70196,0.5,0.69215,0.56471,0.7,0.47059,0.78236,0.57059,0.73333,0.54117,0.76275,0.47255,0.79019,0.50784,0.75098,0.5,0.72941,0.53334,0.79019,0.54117,0.74902,0.50196,0.74301,0.55019,0.73137,0.54117,0.72549,0.61764,0.71569,0.58627,2
1,0.5,0.92278,0.4571,0.34127,0.097235,0.4552,0.21782,0.90324,0.52288,0.94757,0.49618,0.40753,0.81983,0.39991,0.15968,0.92851,0.44328,0.88989,0.42135,0.4652,0.75405,0.32936,0.90467,0.89466,0.48141,0.85441,0.37356,0.88942,0.42946,0.39323,0.10915,0.40753,0.20066,1
1,0.5,0.85435,0.37609,0.82174,0.52174,0.72608,0.69131,0.82608,0.5913,0.75,0.63478,0.78913,0.38478,0.75218,0.68913,0.69348,0.28695,0.68044,0.36957,0.63478,0.55869,0.76623,0.48078,0.65652,0.43913,0.74965,0.47868,0.74174,0.47776,0.82174,0.37391,0.75218,0.57391,2
1,0.5,0.95058,0.58303,0.8965,0.6869,0.86495,0.75257,0.79892,0.86499,0.72152,0.90576,0.62206,0.93746,0.53219,0.92519,0.43695,0.93698,0.3563,0.89809,0.26682,0.82962,0.21432,0.76903,0.1592,0.69976,0.14078,0.62918,0.13815,0.55609,0.14263,0.47237,0.16151,0.40048,2
1,0.5,1,0,0.5,0.5,0.8897,0.003675,0.90441,0.77574,0.29044,0.025735,0.5,0.5,0.5,0.5,0.8603,0.11397,0.86764,0.19853,0.5,0.5,0.59191,0,0,0,0,0,1,0,1,0,0.5,0.5,1
1,0.5,1,0.50855,0.98107,0.48429,1,0.48282,1,0.47464,0.99513,0.46454,0.99587,0.45499,1,0.42136,1,0.42872,0.99155,0.44094,1,0.40741,1,0.40364,0.99486,0.38959,0.98245,0.39879,0.973,0.41439,0.98218,0.3872,0.93505,0.38352,2
1,0.5,0.64204,0.34091,0.5,0.5,0.84091,0,0.65341,0.97917,0.82197,0.53219,0.67424,0.07576,0.5,0.5,0.79546,0.32007,0.72538,0.09659,0.5,0.5,0.5,0.5,0.62121,0.58901,1,0.38068,0.53031,0.25757,0.58144,0.14962,0.5,0.5,1
1,0.5,0.95676,0.90793,0.13514,1,0.30267,0.77868,0.52702,0.64865,0.40701,0.44879,0.48421,0.45515,0.50701,0.48298,0.50554,0.49732,0.50171,0.50048,0.50024,0.50038,0.49999,0.50009,0.49999,0.50001,0.5,0.5,0.5,0.5,0.5,0.5,0.5,0.5,1
1,0.5,0.71818,0.43637,0.79091,0.42728,0.59091,0.16363,0.67273,0.48182,0.64546,0.47273,0.64546,0.64546,0.68182,0.29091,0.6,0.49091,0.68182,0.52728,0.56363,0.74545,0.80909,0.58182,0.66363,0.58182,0.70549,0.46486,0.67273,0.47273,0.56363,0.31818,0.64546,0.35454,1
1,0.5,1,1,0.5,0.5,0.5,0.5,0.5,0.5,0.73872,0.05451,0.24248,0.72745,0.022555,0.64285,0.82331,1,0.5,0.5,0.5,0.5,0.81015,0.6015,0,0,1,0,1,1,0.5,0.5,0.5,0.5,1
1,0.5,0.7992,0.70166,0.91404,0.9026,0.88,0.85354,0.92005,0.44508,0.98656,0.5399,0.97912,0.071365,0.95981,0.94222,0.97726,0.47397,0.94337,0.59068,0.99242,0.15203,0.93335,0.071225,0.64302,0.34969,1,0.58538,0.81479,0.71338,0.93878,0.90504,0.9099,0.84411,1
1,0.5,0.94853,0.69117,0.95588,0.6875,0.87133,0.83824,0.72794,0.8897,0.59559,0.94486,0.48897,0.93014,0.39706,0.91176,0.3125,0.83824,0.25,0.73897,0.13236,0.69117,0.069855,0.54412,0.12867,0.4375,0.16037,0.37934,0.22426,0.28676,0.27941,0.24633,0.35662,0.21691,2
1,0.5,0,0.64053,0.61111,0.57517,0.12154,0.14508,0.3464,0.85621,0,1,0.091505,0.66993,0.10457,0.48693,0.009805,0.084965,0.19934,0.22876,0.47713,0.084965,0.97059,0.02941,0,0.28431,0.87193,0.54588,0,0.52614,0.5915,0.51307,0.299,0.25879,1
1,0.5,1,0.31081,0.82432,0.64865,0.82432,0.37838,0.93243,0.59459,1,0.36486,0.75676,0.5,0.81081,0.47297,0.66216,0.39189,0.85916,0.41167,0.81081,0.52702,0.87838,0.56757,0.67568,0.35135,0.80516,0.38919,0.79239,0.38487,0.86486,0.20271,0.75676,0.37838,2
1,0.5,1,0.47236,1,0,0.75,0.44444,0.68056,0.38889,1,0.37144,0.58334,0.44444,1,0.3267,1,0.30573,1,0.28569,0.5,0.375,1,0.24833,1,0.36111,1,0.21454,1,0.36111,1,0.18422,1,0.17033,1
1,0.5,0.65517,0.44827,0.62069,0.44827,0.60345,0.46552,0.53702,0.47285,0.51824,0.48156,0.50853,0.48808,0.5037,0.49259,0.5014,0.49554,0.50039,0.49739,0.49999,0.4985,0.49986,0.49917,0.49984,0.49955,0.49988,0.49976,0.49991,0.49988,0.49994,0.49994,0.49996,0.49997,2
1,0.5,0.17188,0.57813,0.53125,0.5,0.5,0.53125,0.8125,0.53125,0.59375,0.5,0.48438,0.54688,0.53125,0.5,0.57813,0.42188,0.71875,0.3125,0.5,0.45313,0.5,0.5,0.51563,0.26563,0.51563,0.5,0.14063,0.51563,0.48438,0.5,0.5,0.54688,1
1,0.5,0.8,0.51667,0.81666,0.53334,0.85,0.53334,0.85,0.5,0.81666,0.5,0.9,0.5,0.86667,0.5,0.85,0.55,0.83333,0.55,0.86667,0.48334,0.88333,0.5,0.81666,0.56666,0.82966,0.55084,0.8,0.56666,0.8,0.58334,0.81666,0.58334,2
1,0.5,0.50987,0.50353,0.52045,0.49577,0.51058,0.50564,0.50564,0.52186,0.50141,0.5007,0.50987,0.48448,0.49012,0.53033,0.47955,0.5134,0.48801,0.49789,0.52186,0.4873,0.50917,0.5,0.5,0.49366,0.50917,0.49436,0.50282,0.49224,0.49153,0.48801,0.50353,0.5,1
1,0.5,1,0.5,1,0.5,0.75,0.75,0.875,0.5,0.956,0.56047,0.94534,0.57105,0.93461,0.58114,0.875,0.625,0.875,0.75,0.875,0.5,1,0.375,0.75,0.75,0.86972,0.63194,0.875,0.625,0.84818,0.64537,0.83747,0.65146,2
0,0.5,0.5,0.5,0.5,0.5,0.5,0.5,0.5,0.5,0.5,0.5,0,0,0.5,0.5,1,0.875,0.5,0.5,0.5,0.5,0,1,0.5,0.5,1,0,0,0,1,1,0.5,0.5,1
1,0.5,0.81061,0.18182,0.5,0.5,0.5,0.5,0.67235,0.64394,0.71402,0.69697,0.46212,0.75947,0.68182,0.65719,0.23106,0.66478,0.56061,0.42613,0.50947,0.23296,0.21212,0.58901,0.64583,0.36364,0.62879,0.21212,0.71591,0.62121,0.59091,0.48863,0.58522,0.29167,1
1,0.5,0.59295,0.41667,0.5,0.5,0.5,0.5,0.5,0.5,0.5,0.5,0.55769,0.40465,0.5,0.5,0.5,0.5,0.5,0.5,0.5,0.5,0.47436,0.46714,0.53926,0.54487,0.58654,0.44551,0.5625,0.54807,0.51282,0.47596,0.58413,0.59776,1
1,0.5,1,0.45909,1,0.44337,0.99623,0.35099,1,0.33463,0.98331,0.32859,0.92894,0.26367,0.95952,0.25915,0.86542,0.17388,0.84065,0.18228,0.91225,0.10842,0.79414,0.12607,0.83516,0.01852,0.74379,0.071655,0.68971,0.080535,0.62058,0.05577,0.64611,0.051895,2
1,0.5,1,1,0.5,0.5,1,0,0,0,1,1,1,0,0.5,0.5,1,0,1,1,0.5,0.5,1,0,0,0,1,1,0,1,0,1,0.5,0.5,1
1,0.5,1,0.53421,1,0.57105,1,0.61054,1,0.4375,1,0.69748,1,0.74491,1,0.79493,0.3125,1,1,0.5,1,0.96,1,1,1,1,1,1,1,0.625,1,1,1,1,2
1,0.5,0.5,0.5,0.5,0.5,0.5,0.5,0.5,0.5,1,0.33333,0.58334,0.63021,0.5,0.5,0.5,0.5,0.5,0.5,0.40104,0.39063,0.41667,0.95313,0,0.75,0.52084,0.875,0.38542,0,0.4375,0.36458,0.40104,0.03125,1
1,0.5,1,0,1,1,1,1,1,0.25,1,1,1,1,1,1,0.5,0.5,1,1,1,1,1,0,1,1,1,0.8125,1,0.125,0.125,1,1,1,1
1,0.5,0.89924,0.69132,0.90402,0.41518,1,0.46174,0.99076,0.46301,0.85108,0.60332,0.99872,0.51053,0.99107,0.51243,1,0.43463,0.97832,0.53858,1,0.50096,0.95153,0.65402,1,0.42729,1,0.49803,0.87819,0.53954,1,0.40625,1,0.4713,2
1,0.5,1,0.54546,0.97728,0.45454,0.88637,0.5,1,0.5,0.97728,0.5,1,0.52272,0.95454,0.47728,1,0.5,1,0.5,0.93182,0.54546,0.88637,0.54546,0.95454,0.52272,0.95771,0.51448,0.97728,0.54546,0.93182,0.45454,0.93182,0.52272,2
0,0.5,0.5,0.5,0,1,1,1,0,0,0.5,0.5,0,0,0,0.34375,0,0,1,0,1,0,0.5,0.5,1,0,0,0,0.5,0.5,1,0,0.5,0.5,1
1,0.5,1,0.72728,1,0.77272,0.90909,0.81818,1,0.45454,1,0.5,0.90909,0.27272,0.81818,0.63636,1,0.18182,1,0.36364,0.95454,0.27272,1,0.53875,1,0.45454,1,0.54434,1,0.68182,1,0.81818,0.86363,0.63636,2
0,0.5,0,0,1,0,0,1,0.5,0.5,1,0,1,0,0.5,0.5,0.5,0.5,0.5,0.5,0,1,1,0,0,1,1,1,0.5,0.5,1,0.75,0.5,0.5,1
1,0.5,0.72728,0.54546,0.81818,0.54546,0.63636,0.59091,0.81818,0.5,0.68182,0.45454,0.72728,0.45454,0.74306,0.49328,0.81818,0.40909,0.72728,0.5,0.68182,0.45454,0.63636,0.59091,0.68182,0.45454,0.67221,0.49116,0.63636,0.5,0.68182,0.5,0.64492,0.49084,2
0,0.5,1,1,1,0,1,1,1,1,1,1,1,0,1,1,1,0,1,0,1,1,1,1,1,0,1,1,1,1,1,1,1,1,1
1,0.5,0.93516,0.73486,0.76972,0.9108,0.5519,0.97637,0.30983,0.93958,0.13031,0.79113,0.039505,0.58366,0.087915,0.37529,0.20309,0.18329,0.37994,0.085595,0.59411,0.10651,0.75778,0.21285,0.84637,0.37578,0.84549,0.55242,0.76399,0.69881,0.62987,0.78286,0.4663,0.78776,2
0,0.5,1,0,0,1,0,1,1,1,1,1,0,0,0,0,1,1,1,0,0,0,0,0,1,0.5,1,0,1,0,0,1,0,1,1
1,0.5,0.98734,0.56541,0.9706,0.60018,0.94392,0.66124,0.94505,0.66356,0.92775,0.72608,0.86149,0.76142,0.84973,0.7941,0.79274,0.83447,0.74435,0.85199,0.72123,0.84079,0.67644,0.87811,0.63416,0.88105,0.58407,0.89271,0.53748,0.9022,0.48519,0.88851,0.44855,0.87121,2
1,0.5,0.88148,0.46111,1,0.35185,1,0.071295,0.9,0.53055,0.72778,0.28611,1,0.4371,1,0.082405,0.74629,0.50926,0.91111,0.47037,0.99107,0.40031,1,0.61018,0.84815,0.3676,0.96074,0.37726,0.89444,0.51018,0.93746,0.36447,1,0.21481,2
1,0.5,0.69261,0.57782,0.70622,0.53697,0.6323,0.62062,0.61673,0.56615,0.59728,0.62646,0.62257,0.68483,0.54475,0.61479,0.48054,0.68483,0.52529,0.62452,0.62452,0.54864,0.53891,0.6498,0.48753,0.64241,0.46988,0.63128,0.42607,0.57393,0.45331,0.65564,0.40467,0.64397,1
1,0.5,0.7877,0.48413,0.87599,0.47321,0.80754,0.49405,0.76984,0.51687,0.80853,0.54961,0.79563,0.4881,0.81349,0.50595,0.85417,0.51289,0.80158,0.50794,0.73908,0.48611,0.79563,0.51885,0.75,0.51984,0.80645,0.49382,0.80853,0.43254,0.84425,0.49306,0.8125,0.48413,2
1,0.5,0.5,0.5,1,0.56444,0.94222,0.49,0.5,0.5,1,0.28778,1,0.59778,1,0.47334,1,0.09222,0.5,0.5,1,0.48,1,0.40666,0.5,0.5,1,0,0.5,0.5,1,0.55889,0.95334,0.45222,1
0,0.5,0.5,0.5,0.5,0.5,0.5,0.5,0.5,0.5,0.5,0.5,0.5,0.5,0.5,0.5,0.5,0.5,0.5,0.5,0.5,0.5,0.5,0.5,0.5,0.5,1,0,0.5,0.5,0.5,0.5,0.5,0.5,1
1,0.5,0.66417,0.5126,0.57618,0.60639,0.57459,0.87001,0.37147,0.96162,0.44844,0.5969,0.19324,0.62893,0.029735,0.47296,0.43441,0.42835,0.34842,0.27692,0.44295,0.072015,0.51334,0.38607,0.63971,0.46852,0.66868,0.44062,0.63828,0.44295,0.57539,0.56648,0.56098,0.60234,2
1,0.5,0.84159,0.52687,0.92402,0.50101,0.9217,0.5015,0.9215,0.54951,0.87906,0.52051,0.90946,0.50292,0.90369,0.50336,0.90311,0.43777,0.88967,0.48232,0.88183,0.50455,0.87318,0.50489,0.89816,0.47879,0.85412,0.50548,0.81117,0.55799,0.83312,0.50595,0.82204,0.50614,2
1,0.5,0.89915,0.54709,0.89065,0.60328,0.85814,0.64034,0.8466,0.70626,0.82959,0.75061,0.78949,0.80407,0.74605,0.79222,0.66677,0.8393,0.64794,0.81774,0.548,0.84052,0.51033,0.86118,0.45626,0.81591,0.44038,0.80348,0.40887,0.78008,0.37242,0.7585,0.3633,0.71233,2
1,0.5,0.94705,0.56712,0.935,0.65772,0.89448,0.71694,0.81694,0.79988,0.77002,0.85508,0.69849,0.88081,0.62133,0.89762,0.54567,0.89799,0.4542,0.88131,0.39899,0.83463,0.34869,0.81305,0.29724,0.75245,0.26892,0.70376,0.24843,0.63626,0.23589,0.59586,0.25596,0.52986,2
1,0.5,0.88314,0.60553,0.81967,0.69056,0.74205,0.7625,0.575,0.61137,0.56876,0.79783,0.46137,0.72273,0.5,0.74318,0.36255,0.71007,0.21932,0.68409,0.31705,0.59432,0.29734,0.53794,0.30758,0.48385,0.33029,0.43757,0.3623,0.40143,0.40019,0.37676,0.44053,0.36391,2
1,0.5,0.7947,0.19537,0.92715,0.77649,0.90563,0.53643,0.78312,0.58113,0.6639,0.62086,0.75165,0.56126,0.81954,0.59934,0.85927,0.71357,0.77153,0.56954,0.82616,0.63908,0.84437,0.53643,0.75936,0.63326,0.74506,0.63843,0.73108,0.64287,0.71742,0.64662,0.7041,0.64971,2
1,0.5,1,0.54007,0.98388,0.49759,0.98341,0.49639,0.9399,0.48039,1,0.50709,0.98093,0.49282,0.97974,0.49164,0.99249,0.50501,0.95576,0.45576,0.97508,0.48818,0.97318,0.48705,0.99082,0.51001,0.96886,0.48483,1,0.47079,0.96387,0.48268,0.96113,0.48163,2
1,0.5,0.91804,0.56607,0.86085,0.53029,0.82915,0.54158,0.61944,0.56481,0.71918,0.60165,0.74709,0.56343,0.72374,0.56754,0.64676,0.51461,0.74079,0.57878,0.66417,0.57308,0.64748,0.57319,0.63218,0.57265,0.61821,0.57157,0.63214,0.58069,0.59384,0.56816,0.58327,0.56599,2
1,0.5,0.87458,0.51275,0.99497,0.54896,0.87928,0.56439,0.87156,0.45406,0.97921,0.51241,0.98961,0.49766,0.98055,0.55097,0.95741,0.51878,0.85513,0.51341,0.9061,0.45976,1,0.5,0.85882,0.49396,0.91136,0.51276,0.86218,0.49463,0.95205,0.55533,0.86418,0.51375,2
1,0.5,0.73669,0.59764,0.53107,0.40829,0.81158,0.50503,0.72781,0.47781,0.78255,0.50887,0.72337,0.63758,0.85799,0.48077,0.77811,0.56213,0.7071,0.55769,0.76384,0.51421,0.75592,0.44675,0.73964,0.48817,0.73257,0.51629,0.76775,0.62574,0.65976,0.42751,0.67307,0.49852,2
1,0.5,0.79944,0.57344,0.84934,0.43032,0.92561,0.43032,0.9049,0.51224,0.75235,0.51413,0.8371,0.4774,0.90396,0.43126,0.75706,0.37759,0.90772,0.42844,0.85123,0.49811,0.66667,0.53107,0.7806,0.33427,0.80722,0.41581,0.76365,0.48964,0.76931,0.34369,0.8371,0.38983,2
1,0.5,0.92356,0.48301,0.93206,0.45754,0.90976,0.5,0.86837,0.46179,0.85987,0.43206,0.87474,0.44161,0.88748,0.40658,0.89066,0.39385,0.80998,0.44905,0.89597,0.42145,0.94692,0.48301,0.92463,0.36943,0.87057,0.38344,0.83121,0.38854,0.86306,0.31104,0.82909,0.37579,2
1,0.5,0.93886,0.45924,0.91712,0.53668,0.92392,0.52038,0.88587,0.48913,0.88587,0.47147,0.91169,0.44701,0.83967,0.49728,0.94022,0.39538,0.91712,0.51631,0.93206,0.47011,0.98642,0.36006,0.92527,0.40625,0.91853,0.44894,0.92935,0.48369,0.89267,0.44565,0.89538,0.49728,2
1,0.5,0.96574,0.64641,0.89959,0.77878,0.79976,0.85798,0.63101,0.96325,0.52318,0.98374,0.38382,0.97565,0.22037,0.90509,0.13336,0.81193,0.045025,0.681,0.03873,0.5302,0.03191,0.40081,0.08404,0.26547,0.17418,0.15222,0.29389,0.071375,0.43205,0.030235,0.55004,0.025885,2
1,0.5,0.94121,0.65317,0.86616,0.78908,0.67054,0.79263,0.52858,1,0.45381,0.96059,0.18799,0.85998,0.15116,0.66279,0.09289,0.70598,0,0.49612,0.10513,0.29458,0.1155,0.27261,0.21379,0.16197,0.34195,0.09062,0.48511,0.065795,0.62696,0.089365,0.50097,0.09157,2
1,0.5,0.98516,0.42808,0.95662,0.49886,0.98287,0.41439,0.99315,0.59132,0.95891,0.50114,0.96803,0.45776,0.95662,0.49886,0.93379,0.45662,0.98516,0.39383,1,0.55137,0.96005,0.47374,0.96233,0.53424,0.97022,0.45374,0.98516,0.39954,0.92694,0.45662,0.98287,0.39041,2
1,0.5,0.91895,0.71452,0.86057,0.79192,0.72813,0.89058,0.58235,0.91366,0.43494,0.93473,0.26911,0.89248,0.20282,0.76035,0.10765,0.63265,0.07993,0.51964,0.18979,0.34325,0.26294,0.25548,0.31351,0.16102,0.47473,0.18655,0.57345,0.27044,0.68546,0.30417,0.7416,0.37843,2
1,0.5,0.94043,0.67616,0.84194,0.82564,0.67408,0.89892,0.52916,0.95421,0.35108,0.93245,0.18683,0.84795,0.11447,0.69654,0.070985,0.54204,0.091795,0.37992,0.17711,0.24989,0.30117,0.15831,0.44427,0.12234,0.5852,0.14248,0.70337,0.21176,0.78313,0.31617,0.81383,0.43347,2
1,0.5,1,0.49411,1,0.49828,1,0.49217,1,0.49217,1,0.48596,1,0.48906,0.99914,0.48457,0.99764,0.48381,0.99657,0.48274,1,0.48059,1,0.4748,1,0.47535,0.99921,0.47236,0.997,0.46848,0.99528,0.46752,0.99486,0.46666,2
1,0.5,0.95273,0.70556,0.82677,0.8738,0.6496,0.97952,0.43329,0.9891,0.23882,0.91631,0.10171,0.77543,0.016845,0.57596,0.034995,0.37223,0.14069,0.2031,0.29227,0.073975,0.48875,0.03106,0.68159,0.07316,0.83769,0.19021,0.92989,0.35939,0.94327,0.549,0.87748,0.7315,2
1,0.5,1,0.75757,0.72728,0.66667,0.53031,0.68182,0.33948,0.86531,0.27272,0.74243,0.21212,0.5,0.21212,0.43939,0.33333,0.25757,0.45454,0.07576,0.74243,0.21212,0.78788,0.28788,1,0.30303,0.86481,0.56166,0.98485,0.78788,0.62121,0.68182,0.54546,0.66667,2
1,0.5,0.91312,0.54078,0.89539,0.45922,0.95213,0.49113,0.96454,0.50532,0.90071,0.54432,0.97341,0.49645,0.97163,0.5,0.96631,0.60106,0.97518,0.49645,0.95744,0.50355,0.90248,0.53546,0.95568,0.57978,0.94764,0.54083,0.8883,0.53369,0.96276,0.59042,0.96276,0.5,2
1,0.5,0.93789,0.51863,0.94976,0.50172,0.94605,0.50255,0.93168,0.5,0.97515,0.53726,0.93511,0.50497,0.93151,0.50575,0.91925,0.46895,0.92857,0.51242,0.92091,0.50801,0.91743,0.50875,0.89752,0.47826,0.91056,0.51016,0.90994,0.54348,0.90379,0.51154,0.90044,0.51221,2
1,0.5,0.9421,0.68362,0.83561,0.83691,0.69806,0.932,0.51212,0.96591,0.32426,0.91857,0.19842,0.79421,0.10671,0.69389,0.083575,0.49679,0.15341,0.33519,0.23748,0.23038,0.36311,0.15937,0.50403,0.15113,0.63014,0.19661,0.72284,0.28309,0.77104,0.39229,0.78143,0.51411,2
1,0.5,0.59733,0.52863,0.52099,0.62596,0.44722,0.74433,0.4084,0.4084,0.29007,0.53053,0.2729,0.5458,0.41794,0.34733,0.44848,0.30152,0.59351,0.41221,0.67006,0.44023,0.64313,0.41985,0.60823,0.62346,0.51957,0.65546,0.48091,0.63168,0.41603,0.58397,0.34923,0.33206,2
1,0.5,0.99001,0.50038,1,0.5,0.99491,0.49962,0.97361,0.51197,0.9885,0.51065,0.98944,0.51536,0.99585,0.51169,0.96964,0.52856,0.96776,0.52639,0.98869,0.52762,1,0.53121,0.97077,0.54053,0.98355,0.53628,0.9785,0.54044,0.99095,0.54063,0.98623,0.54308,2
1,0.5,0.97557,0.50209,0.97591,0.48639,0.96719,0.4904,0.97295,0.50803,0.98255,0.51641,0.97086,0.53665,0.97313,0.49337,0.98586,0.5007,0.97417,0.53019,0.96335,0.54206,0.96562,0.55044,0.9726,0.5068,0.96761,0.52463,0.96579,0.54084,0.97033,0.49983,0.95742,0.52356,2
1,0.5,0.95304,0.49172,0.99061,0.49006,0.97846,0.48177,0.92873,0.50055,0.94862,0.48342,0.94531,0.49282,0.95304,0.47735,0.95691,0.49558,0.90386,0.43536,0.94365,0.50608,0.96077,0.4884,0.95525,0.48951,0.94573,0.4612,0.91491,0.41381,0.98011,0.48122,0.93701,0.41879,2
1,0.5,1,0.40585,0.96518,0.31922,0.44566,0.032015,1,0.47725,0.75437,0.16129,0.67216,0.15147,0.24157,0.012425,0.5275,0.18882,0.66555,0,0.43424,0.2735,0.40972,0.32133,0.39834,0.36716,0.39766,0.40799,0.4048,0.44204,0.41687,0.46856,0.43131,0.48777,1
1,0.5,1,0.488,0.9707,0.53265,0.96053,0.38372,0.88576,0.41801,0.76399,0.39863,0.78204,0.49644,0.67197,0.36272,0.7647,0.3911,0.72554,0.41093,0.52991,0.32212,0.51155,0.23561,0.51643,0.17421,0.56645,0.23397,0.51216,0.18901,0.47147,0.20214,0.47696,0.17151,2
1,0.5,0.51168,0.49704,0.45038,0.44026,0.49618,0.44088,0.57353,0.53319,0.51893,0.46849,0.5,0.5,0.47714,0.4223,0.49828,0.44902,0.44212,0.47293,0.50919,0.51835,0.5076,0.50444,0.51757,0.49233,0.4838,0.54612,0.46071,0.50366,0.5,0.5,0.4998,0.56005,1
0,0.5,0.5,0.5,0.5,0.5,1,0,0.5,0.5,0,0,0.5,0.5,0.5,0.5,1,1,0,0,0.5,0.5,0.5,0.5,1,1,1,1,0.5,0.5,1,1,0.5,0.5,1
1,0.5,1,0.53327,1,0.40806,1,0.3634,1,0.28446,1,0.29325,0.98116,0.24063,0.95355,0.20492,0.94615,0.16763,0.84938,0.14502,0.85323,0.1184,0.8154,0.09728,0.77933,0.05436,0.73606,0.0675,0.70151,0.081625,0.65498,0.054535,0.61498,0.05421,2
1,0.5,1,0.5369,1,0.5171,1,0.47219,1,0.54382,1,0.59825,1,0.60164,1,0.56393,1,0.5528,1,0.63543,1,0.72379,1,0.70875,1,0.60017,1,0.68371,0.97802,0.74321,1,0.66246,1,0.73356,2
1,0.5,0.99822,0.53234,1,0.49382,0.98906,0.51249,0.98056,0.51156,0.99637,0.53904,0.94661,0.55173,0.97106,0.52634,0.94405,0.5556,0.93052,0.54316,0.90817,0.55915,0.91834,0.57221,0.90664,0.56706,0.89738,0.56819,0.89555,0.5769,0.88561,0.57965,0.85471,0.56007,2
0,0.5,0,1,0.5,0.5,0.5,0.5,0,1,1,1,0.5,0.5,0.5,0.5,1,0,0,1,1,1,0.5,0.5,0,0,1,0,1,1,0,1,0.5,0.5,1
1,0.5,1,0.46909,1,0.51471,1,0.47435,1,0.49146,1,0.44137,0.92246,0.47399,0.96696,0.46701,0.84585,0.4631,0.82865,0.39816,0.97455,0.34221,0.90426,0.34173,0.92466,0.32581,0.86264,0.35413,0.86547,0.30712,0.77178,0.36858,0.82103,0.30256,2
1,0.5,1,0.7891,1,0,1,0,1,0,1,0,1,0,1,0,1,0,1,0,1,0.18602,1,0,1,0,1,0,1,0,1,0,1,0,1
1,0.5,1,0.42051,0.86157,0.63843,0.91722,0.20806,1,0.35896,1,0.25068,0.89981,0.43737,0.88418,0.57319,1,0.69668,1,0.63295,0.98177,0.49055,0.963,0.04331,1,0.57401,1,0.44209,1,0.44435,1,0.76686,1,0.21121,2
1,0.5,1,0.50216,1,0.49395,1,0.4852,1,0.46493,0.9892,0.46872,1,0.46728,0.9863,0.46042,0.96281,0.43168,0.97092,0.42836,0.99795,0.42876,0.97408,0.43217,0.94734,0.39575,0.94534,0.41046,0.92822,0.40724,0.91888,0.39949,0.91934,0.39617,2
1,0.5,0,0,1,1,1,0.42812,0.5,0.5,0,1,1,1,0.58959,0,0,0,0.54375,0,1,0,0,1,0,0,1,0,0,0,1,1,0.5,0.5,1
1,0.5,0.99513,0.47108,0.99896,0.43495,0.99331,0.40285,0.99687,0.37079,0.96369,0.34935,0.96325,0.31017,0.94906,0.28102,0.92461,0.23968,0.93717,0.21463,0.89508,0.20081,0.87362,0.17692,0.84141,0.1576,0.82624,0.13413,0.80505,0.12323,0.77376,0.09861,0.74598,0.083775,2
1,0.5,0.97299,0.48657,0,0.63065,0.31804,0.67819,0.84629,0.18286,1,0.48324,0.3549,0.49725,0.22574,0.57726,0.95961,0.26865,1,0.24788,0.35132,0.34273,0.13068,0.6868,0.91936,0.26633,0.76104,0.20935,1,0.19304,0.45183,0.60238,0.46942,0.70957,1
1,0.5,0.9783,0.54072,0.98744,0.47167,0.98582,0.45758,0.98049,0.4672,0.97358,0.5064,0.97718,0.41602,0.97306,0.40252,0.99815,0.33866,0.95171,0.32049,0.95714,0.36342,0.9507,0.35096,0.9995,0.29627,0.93622,0.32707,0.9603,0.34691,0.91975,0.30469,0.91083,0.29414,2
1,0.5,0.54166,0.39658,0,1,0,1,0.85938,0.73586,0.089285,0.18639,0,0,0,1,0.48623,0.79576,0.28943,0.28943,0.12686,0,0,0.26599,0,0.61905,1,0,0,0.30543,0,0,0,0.80729,1
1,0.5,1,0.48871,1,0.47753,1,0.46659,1,0.456,1,0.78086,1,0.43631,1,0.42739,1,0.66204,1,0.4118,0.99742,0.40526,0.97801,0.3996,1,0.03858,0.9364,0.39104,0.9146,0.38815,0.8924,0.38617,0.86996,0.3851,2
0,0.5,0,1,1,0,0,1,0.5,0.5,1,1,0,0.40625,1,1,0,0,1,0,0,0,1,1,1,0,1,1,1,1,0.5,0.5,0,0,1
1,0.5,0.50833,0.32188,0.5,0.5,0.5,0.5,0.5,0.5,0.5,0.5,0.5,0.5,0.56146,0.225,0.61406,0.91407,1,0.28854,0.5,0.5,0.54166,0,0.44688,0.41667,1,0.11667,0,0.59427,0.5,0.5,1,0.36354,1
1,0.5,0.92392,0.55299,1,0.69565,1,0,0.83469,0.54212,1,0.63519,1,0.80299,1,0.67753,1,0.51336,0.79212,0.28487,1,0.81748,0.94565,0.63292,0.95517,0.33333,1,0.57971,0.6884,0.49027,1,0.61232,1,0.68705,1
0,0.5,1,0,1,1,0,0,1,0,0.5,0.5,0.5,0.5,0,1,1,0,1,0,0.125,1,1,0,1,0,1,0,0,0,0.5,0.5,1,0,1
1,0.5,0.84722,0.69444,0.5,0.5,0.33532,0.8492,0.5,0.5,0.5,0.5,0.5,0.5,0.60318,0.37897,0.60516,0.59722,0.73215,0.89087,0.5,0.5,0.5,0.5,0.86706,0.63691,0.88095,0.81746,0.5,0.5,0.5,0.5,0.5,0.5,1
1,0.5,1,0.52039,1,0.55991,1,0.58079,1,0.6396,0.99351,0.65444,0.96372,0.6882,0.95559,0.69874,0.90969,0.7303,0.89309,0.73497,0.897,0.78141,0.85166,0.79065,0.83539,0.79862,0.79452,0.80495,0.76976,0.80466,0.72656,0.81818,0.70221,0.81329,2
0,0.5,1,1,1,0,1,1,0,1,0.5,0.5,1,1,0.5,0.5,0.5,0.5,0,1,0,1,1,1,1,0,1,1,1,1,1,0,0,1,1
0,0.5,1,0,1,1,1,1,1,1,1,1,1,0,1,0,1,1,1,0,1,1,1,1,1,0,1,1,1,0,1,1,1,0,1
1,0.5,0.96138,0.53902,0.9634,0.58125,0.94851,0.62309,0.92056,0.67599,0.894,0.71098,0.85358,0.73491,0.85398,0.78238,0.80229,0.821,0.75623,0.82462,0.69951,0.83488,0.67116,0.84171,0.61847,0.88073,0.59383,0.86943,0.54847,0.85519,0.51367,0.88536,0.47989,0.84754,2
1,0.5,0.87426,0.48595,0.8284,0.47411,0.90311,0.51406,0.92973,0.51258,0.81731,0.54364,0.85799,0.5392,0.86539,0.52589,0.89275,0.36094,0.82988,0.49261,0.89349,0.53477,0.67307,0.4068,0.82693,0.51406,0.80505,0.46681,0.76775,0.39423,0.79512,0.42973,0.78181,0.5148,2
1,0.5,0.94152,0.39002,1,0.68186,0.91202,0.59603,0.92543,0.52951,0.95279,0.47854,0.92596,0.625,0.88949,0.62661,0.84603,0.7897,0.85515,0.69528,0.86588,0.63787,1,0.67436,0.7838,0.76019,0.84906,0.76618,0.90451,0.79292,0.71513,0.85462,0.76181,0.77093,2
1,0.5,0.89579,0.58425,0.5,0.5,0.7827,0.53437,0.69734,1,0.69179,0.99778,0.4878,0.76608,0.61862,0.5643,0.48669,0.97561,0.24501,0.92461,0.449,0.69402,0.28714,0.61862,0.04213,0.90355,0.32927,0.94124,0,0.84701,0,0.5643,0.5,0.5,1
0,0.5,0.5,0.5,0.5,0.5,0.5,0.5,0.5,0.5,0.5,0.5,0.5,0.5,0.5,0.5,0.5,0.5,0.5,0.5,0.5,0.5,0.5,0.5,0.5,0.5,1,0,0.5,0.5,0.5,0.5,0.5,0.5,1
1,0.5,1,0.21388,0.99575,0.13315,0.94759,0.01275,1,0.32091,1,0.38386,0.81445,0.06799,1,0.21232,1,0.10198,0.88386,0.05524,0.98301,0,0.8506,0.12552,0.80973,0.11548,0.76889,0.11007,0.9051,0,1,0,0.65223,0.11944,2
1,0.5,0.71,0.195,0.5,0.5,1,0,0.95,1,0.715,0.82,0.5,0.5,0.5,0.5,0.835,0.355,0.92,0,0.5,0.5,0.5,0.5,0.605,0.84,1,0.61,0.5,0.5,0.5,0.5,0.5,0.5,1
1,0.5,1,0.61698,0.95702,0.76006,0.8901,0.86072,0.7383,0.92111,0.6382,0.95865,0.54734,0.94124,0.3901,0.95702,0.32916,0.87759,0.2432,0.82264,0.17736,0.72307,0.12949,0.64581,0.14581,0.51795,0.14134,0.44028,0.17519,0.35908,0.24374,0.27748,0.31284,0.2334,2
1,0.5,0.71875,0.52084,0.79167,0.44792,0.69792,0.5,0.66667,0.46875,0.73958,0.5,0.64583,0.55209,0.77083,0.51041,0.71875,0.38542,0.67708,0.38542,0.66667,0.54166,0.625,0.59375,0.69792,0.40625,0.72006,0.44968,0.70833,0.45833,0.79167,0.34375,0.66667,0.46875,2
1,0.5,0.98467,0.50438,1,0.50421,0.99329,0.49618,0.98934,0.48578,0.9991,0.48245,1,0.49365,1,0.4871,1,0.49412,0.99243,0.50013,1,0.48694,1,0.47628,0.98009,0.47736,0.99594,0.48263,0.9851,0.48761,1,0.48073,0.9921,0.47944,2
1,0.5,0.82061,0.50701,0.67073,0.4878,0.76375,0.51733,0.59756,0.56098,0.71657,0.52377,0.60976,0.52439,0.64634,0.5,0.68293,0.5,0.65853,0.53658,0.63414,0.56098,0.61849,0.52907,0.60976,0.54878,0.59652,0.52821,0.58705,0.52752,0.59756,0.5,0.58537,0.53658,2
1,0.5,1,1,1,0,0.5,0.5,0.5,0.5,1,1,1,0,1,1,1,0,0.5,0.5,0.5,0.5,1,0.36111,0.5,0.5,1,0,1,1,1,0,0.5,0.5,1
1,0.5,0.63333,0.45,0.76666,0.5,0.66667,0.43334,0.68334,0.55834,0.78334,0.50833,0.85834,0.54166,0.85,0.46666,0.76666,0.6,0.70833,0.49167,0.65834,0.6,0.85,0.5,0.625,0.56666,0.73107,0.52719,0.7,0.51667,0.73333,0.51667,0.70833,0.475,2
1,0.5,0.81373,0.46079,0.86274,0.5,0.80392,0.46079,0.81373,0.44117,0.84313,0.44117,0.83333,0.43138,0.82353,0.45098,0.77451,0.44117,0.77451,0.39216,0.79412,0.40196,0.83333,0.38236,0.72549,0.37255,0.76204,0.37666,0.78431,0.34313,0.71569,0.39216,0.7353,0.36274,1
1,0.5,0.92636,0.52713,1,0.54034,1,1,0.95737,0.49612,0.91861,0.51938,1,0.63577,1,1,0.90697,0.52326,0.95349,0.55814,1,0.75335,1,0,0.9031,0.51938,1,0.85807,0.92248,0.53489,1,0.93659,1,1,1
1,0.5,0.3975,0.64375,0.615,0.55,0.64125,0.65875,0.66125,0.675,0.68142,0.32692,0.54625,0.6375,0.4525,0.605,0.45625,0.6175,0.32906,0.65704,0.26,0.46,0.64954,0.66588,0.21,0.38,0.66095,0.35762,0.265,0.5925,0.36448,0.34386,0.70222,0.51525,1
1,0.5,0.5273,0.50718,0.48707,0.52299,0.50718,0.52299,0.4612,0.50431,0.50862,0.46696,0.48132,0.52155,0.45833,0.47701,0.45259,0.54023,0.47989,0.52586,0.51006,0.5115,0.48132,0.49425,0.5158,0.49569,0.50431,0.50862,0.51293,0.50575,0.51293,0.50575,0.47701,0.49712,1
1,0.5,0.54348,0.50343,0.5698,0.47941,0.55263,0.45881,0.56293,0.46911,0.61671,0.49428,0.56178,0.5389,0.57322,0.4325,0.64531,0.47597,0.59496,0.53661,0.55835,0.5,0.55607,0.49885,0.57551,0.44851,0.54234,0.50687,0.55607,0.46682,0.54805,0.46338,0.55835,0.46568,1
1,0.5,0.92605,0.69626,0.69444,0.88216,0.54429,0.99452,0.28687,0.94372,0.11885,0.7499,0.03454,0.55384,0.0705,0.34478,0.16985,0.22369,0.4037,0.069685,0.64222,0.09752,0.82325,0.32385,0.88907,0.38338,0.85849,0.60672,0.68915,0.79155,0.59834,0.83157,0.44393,0.82466,2
1,0.5,1,1,1,0.75625,0.8125,0,1,1,0.5125,0.51563,1,1,0.5,0.5,1,0,1,1,1,1,0.65625,1,1,1,1,1,1,1,0.028125,1,0.5,0.5,1
1,0.5,1,0.77451,0.81373,1,0.5098,1,0.2549,0.96079,0.088235,0.79412,0,0.55883,0.01961,0.33333,0.17647,0.15686,0.38236,0.068625,0.67647,0,0.87255,0.13726,0.96079,0.39216,0.96437,0.60938,0.86274,0.78431,0.61764,0.95098,0.44117,0.95098,2
1,0.5,0.72222,0.72222,0.76848,0.95382,0.38889,1,0.33333,0.94444,0,0.66667,0,0.44444,0,0.38889,0.16667,0.11111,0.77778,0,0.38889,0.11111,0.88889,0.38889,0.66667,0.5,0.9606,0.7251,0.78727,0.92176,0.61111,1,0.22222,1,2
1,0.5,0,0,0.24653,1,1,0,1,0.76909,0.5,0.5,0.61979,0,1,1,0.5,0.5,1,1,1,1,0.5,0.5,0.14236,1,0.66667,0,1,0,0.84896,0,0.73784,1,1
0,0.5,0,0,0.5,0.5,0.5,0.5,0.5,0.5,0.5,0.5,0.5,0.5,1,0,0.5,0.5,0,0,0.5,0.5,1,1,1,0,1,0,0.5,0.5,0.5,0.5,0.5,0.5,1
1,0.5,0.82473,0.46052,0.79132,0.4281,0.43435,0.39308,0.64898,0.52202,0.69048,0.3683,0.64465,0.34002,0.51729,0.40526,0.60135,0.35279,0.57598,0.35474,0.54756,0.34237,0.53278,0.36602,0.51502,0.37438,0.49977,0.38395,0.48694,0.39436,0.47641,0.40525,0.50668,0.364,2
1,0.5,1,0.61529,1,0.10746,1,0.44799,1,0.57707,1,0.6391,0.9906,0.46569,1,0.53305,0.97901,0.40523,0.91792,0.42184,0.987,0.51864,0.99812,0.54621,1,0.49373,0.98119,0.47702,0.95582,0.51943,1,0.43139,0.98262,0.44142,2
1,0.5,0.95588,0.45588,0.9853,0.58823,0.91176,0.54412,0.95588,0.48529,0.9853,0.41176,0.9853,0.57353,0.97059,0.5147,1,0.5,1,0.5,0.88236,0.55883,0.94117,0.5147,0.92647,0.5147,0.96331,0.513,0.97059,0.44117,0.9853,0.52941,0.95588,0.52941,2
1,0.5,0,1,0,0.57622,0.64177,1,0,1,0,0,1,1,0,0.38262,0.6415,0,1,1,0.34299,0,0,0,1,0,0,0.48211,1,0,0,0.33842,0.57469,1,1
1,0.5,0.49679,0.25,0.5,0.5,0.49039,1,0.5,0.5,0.5,0.5,0.5,0.5,0.5,0.5,0.5,0.5,0.65705,0.96474,0.32372,0.87179,0.32693,0.096155,0.5,0.5,0.19231,0.24359,0.5,0.5,0.5,0.5,0.5,0.5,1
1,0.5,0,0.20161,0.5,0.5,0,0.82258,0.064515,1,0.5,0.5,0.5,0.5,0.5,0.5,0.5,0.5,0.5,0.5,0,0,0.5,0.5,0.64919,0.61694,1,0.75806,0.5,0.5,0.5,0.5,0.5,0.5,1
0,0.5,1,0,1,1,1,0,1,1,1,0,1,0,1,0,1,1,1,1,1,1,1,0,1,1,1,1,1,1,1,1,1,0,1
1,0.5,0.96328,0.52087,0.94633,0.57883,0.93049,0.59896,0.91837,0.68263,0.90309,0.70099,0.88111,0.70276,0.83293,0.7418,0.80051,0.75876,0.76696,0.7609,0.74218,0.77106,0.71273,0.77842,0.6667,0.77637,0.63489,0.77107,0.61153,0.76724,0.57156,0.74562,0.55787,0.73286,2
1,0.5,0.96769,0.56822,0.96858,0.62679,0.92853,0.6939,0.89519,0.73564,0.86176,0.79971,0.8263,0.875,0.75415,0.86793,0.70815,0.91371,0.6277,0.92976,0.56856,0.92807,0.50247,0.94434,0.4632,0.8989,0.39503,0.89002,0.33415,0.85727,0.30734,0.82181,0.2629,0.77917,2
1,0.5,0.90314,0.56534,0.8653,0.62162,0.82308,0.59519,0.68461,0.72789,0.72396,0.7322,0.625,0.78654,0.62596,0.68558,0.57608,0.75938,0.45096,0.7875,0.48269,0.71442,0.45572,0.72212,0.42529,0.70003,0.4003,0.67488,0.38084,0.6477,0.36683,0.61948,0.38077,0.65577,2
1,0.5,0.96154,0.57725,0.932,0.64878,0.86291,0.68395,0.85294,0.78415,0.78724,0.8136,0.71635,0.87338,0.65853,0.83848,0.59564,0.88409,0.52343,0.88085,0.43968,0.88484,0.4076,0.85664,0.35354,0.82854,0.30601,0.79276,0.266,0.75066,0.23427,0.70366,0.21885,0.67548,2
1,0.5,0.75233,0.4155,0.85721,0.50757,0.85532,0.51129,0.84032,0.50641,0.67307,0.52797,0.84525,0.52197,0.84051,0.52529,0.83512,0.52846,0.81702,0.47669,0.82251,0.53428,0.81539,0.5369,0.92017,0.59032,0.79968,0.54152,0.69114,0.5338,0.78233,0.54523,0.77316,0.54673,2
1,0.5,0.80929,0.55425,0.85347,0.46532,0.85179,0.50839,0.87136,0.50112,0.85515,0.57886,0.85794,0.49888,0.89877,0.533,0.91834,0.41723,0.8434,0.4547,0.81264,0.49329,0.80481,0.55873,0.85627,0.45246,0.84923,0.49163,0.81655,0.52405,0.8943,0.47428,0.82607,0.47651,2
1,0.5,0.62658,0.67975,0.5,0.5,0.3519,0,0.5,0.5,0.53797,0.46329,0.5,0.5,0.5,0.5,0.5,0.5,0.5,0.5,0.50379,0.84051,0.4,0.66836,0.4481,0.67848,0.52785,0,0.5,0.5,0.53165,0,0.5,0.5,1
1,0.5,0.90572,0.51857,0.92572,0.49928,0.895,0.50357,0.89786,0.47857,0.93785,0.5,0.92785,0.46643,0.93215,0.50143,0.91429,0.47286,0.905,0.44072,0.88428,0.45786,0.92143,0.475,0.885,0.46571,0.90799,0.45665,0.91285,0.44786,0.90714,0.475,0.91071,0.42429,2
1,0.5,0.81167,0.48255,0.79543,0.5024,0.80205,0.4627,0.81588,0.50482,0.81228,0.4627,0.83514,0.5361,0.81468,0.45788,0.83754,0.54573,0.83574,0.5,0.79483,0.55054,0.7503,0.51565,0.82973,0.57039,0.80232,0.51009,0.75692,0.52226,0.80866,0.49518,0.80686,0.45427,2
1,0.5,0.75,0.5,0.69348,0.55217,0.74565,0.53261,0.73479,0.48044,0.67826,0.43695,0.72826,0.52392,0.75218,0.51304,0.67826,0.59783,0.71087,0.57391,0.71087,0.48696,0.66087,0.44348,0.73696,0.49565,0.70894,0.53454,0.69348,0.51957,0.67609,0.57391,0.72391,0.58696,2
1,0.5,0.81755,0.47806,0.88265,0.51484,0.80716,0.68014,0.82679,0.49769,0.82102,0.54157,0.89723,0.28291,0.86258,0.77482,0.79792,0.56929,0.81755,0.6097,0.81639,0.37298,0.85475,0.57679,0.82332,0.61547,0.84387,0.58852,0.80832,0.53811,0.83158,0.5992,0.84526,0.68361,2
1,0.5,0.97165,0.59979,0.98066,0.70402,0.90257,0.78285,0.78343,0.85415,0.70918,0.91615,0.57469,0.94744,0.52584,0.96841,0.37629,0.91969,0.28595,0.87777,0.24874,0.81282,0.17242,0.75214,0.15575,0.65456,0.11451,0.5781,0.12297,0.47801,0.124,0.4104,0.16534,0.32817,2
1,0.5,0.64536,0.55012,0.61654,0.58647,0.5188,0.67168,0.56015,0.63158,0.53133,0.60652,0.47637,0.56383,0.46834,0.53953,0.46836,0.52048,0.47285,0.50704,0.47917,0.4986,0.48562,0.49412,0.49123,0.49247,0.49557,0.49262,0.4986,0.49375,0.50048,0.49526,0.50145,0.49677,2
1,0.5,0.79229,0.32237,1,0.67669,0.87688,0.49718,0.9126,0.59681,0.75094,0.36184,0.82988,0.53195,0.84869,0.57331,0.86184,0.28665,0.88064,0.52255,0.83459,0.60245,0.92387,0.29512,0.82425,0.47651,0.78418,0.44715,0.7641,0.43327,0.57801,0.43891,0.72384,0.44845,2
1,0.5,0.93556,0.52163,0.89973,0.59149,0.99504,0.64646,0.94727,0.45832,0.94299,0.48986,0.95223,0.36638,0.94705,0.59982,0.94322,0.47679,0.92226,0.49505,0.98941,0.32988,0.89477,0.3745,0.93331,0.45404,0.92983,0.48546,0.89387,0.4795,0.87967,0.60906,0.94119,0.54597,2
1,0.5,0.73392,0.55654,0.7949,0.50333,0.77716,0.53437,0.73947,0.43016,0.76497,0.50665,0.81929,0.41907,0.83925,0.48337,0.77272,0.43238,0.76497,0.47672,0.73947,0.40244,0.75388,0.43238,0.70732,0.39911,0.76965,0.44272,0.79934,0.48559,0.76829,0.44124,0.7816,0.47782,2
1,0.5,0.94058,0.63738,0.86062,0.7144,0.8078,0.81831,0.69412,0.95251,0.54915,0.98064,0.39952,0.946,0.32132,0.8875,0.17443,0.81105,0.10616,0.72767,0.09072,0.59547,0.080285,0.4596,0.10833,0.36822,0.16221,0.27244,0.22634,0.19571,0.34744,0.1665,0.40344,0.12201,2
1,0.5,0.96435,0.66582,0.88084,0.81174,0.74652,0.92133,0.60796,0.97596,0.43022,0.98084,0.26399,0.91795,0.14626,0.82745,0.06263,0.68375,0.04093,0.52797,0.05088,0.36913,0.13016,0.22965,0.24622,0.12633,0.38838,0.06939,0.53905,0.064205,0.6801,0.10972,0.79703,0.19865,2
1,0.5,0.91684,0.65728,0.82771,0.78835,0.67481,0.85339,0.58647,0.89474,0.40512,0.89943,0.29136,0.83271,0.1579,0.73872,0.12638,0.59746,0.1391,0.47557,0.18985,0.35903,0.25418,0.23268,0.36711,0.16993,0.49235,0.15147,0.61354,0.17786,0.7155,0.24397,0.82331,0.34962,2
1,0.5,0.97026,0.49234,0.97085,0.50501,0.97497,0.49264,0.97939,0.4947,0.9732,0.48145,0.98586,0.49117,0.98528,0.48057,0.97732,0.47968,0.97615,0.47645,0.97114,0.48911,0.96408,0.47791,0.96025,0.47762,0.96348,0.47086,0.95171,0.4626,0.95996,0.46378,0.96025,0.4629,2
1,0.5,1,0.58098,1,0.47221,1,0.50687,1,0.43824,1,0.49245,1,0.49134,1,0.46813,1,0.46421,1,0.5295,1,0.44946,1,0.48657,1,0.38511,1,0.46588,1,0.54149,1,0.42903,1,0.46281,2
1,0.5,0.94795,0.69643,0.83065,0.85902,0.6476,0.95412,0.47607,0.97208,0.27138,0.92302,0.1117,0.79256,0.035905,0.62567,0.03859,0.42342,0.11968,0.25798,0.24534,0.11901,0.42552,0.057045,0.60791,0.071485,0.76615,0.15703,0.87423,0.29672,0.91571,0.46486,0.88431,0.63963,2
1,0.5,0.87395,0.5042,0.91656,0.5083,0.91319,0.51235,0.93278,0.5084,0.80252,0.52941,0.89546,0.52365,0.88721,0.52704,0.82353,0.59664,0.92017,0.52101,0.85642,0.53561,0.84447,0.53788,0.83193,0.54202,0.81864,0.54148,0.80673,0.5084,0.79093,0.54378,0.77665,0.54446,2
1,0.5,0.94752,0.48416,0.93762,0.52772,0.94752,0.50693,0.96436,0.51386,0.95643,0.49505,0.9703,0.49208,0.95941,0.51683,0.96832,0.5,0.97128,0.50693,0.95247,0.50396,0.94356,0.49109,0.94654,0.51188,0.94501,0.50806,0.9406,0.50099,0.93663,0.52079,0.93366,0.51188,2
1,0.5,0.93345,0.67975,0.86007,0.83333,0.686,0.91524,0.54323,0.92946,0.37941,0.93061,0.24118,0.83788,0.15643,0.70762,0.1149,0.54949,0.15302,0.43174,0.25256,0.28897,0.33732,0.2116,0.48578,0.20023,0.5768,0.23436,0.66155,0.31456,0.73094,0.40159,0.70478,0.5091,2
1,0.5,0.94782,0.68959,0.83655,0.84719,0.67958,0.94348,0.47903,0.96673,0.30563,0.92207,0.16363,0.81039,0.0866,0.65178,0.06925,0.47318,0.13218,0.32863,0.24111,0.18778,0.38286,0.13072,0.53456,0.13072,0.66765,0.18852,0.76207,0.28957,0.80608,0.41329,0.80036,0.5433,2
1,0.5,1,1,0.6835,0.53079,0.56496,0.96357,0.36207,0.96798,0.34237,0.68843,0.06404,0.68473,0.035715,0.45566,0.30542,0.32882,0.26724,0.08744,0.47291,0.03202,0.62808,0.39778,0.86896,0.27025,0.92735,0.46585,1,1,0.69335,0.50123,0.58879,0.89895,2
1,0.5,1,0.49329,1,0.50783,1,0.49888,1,0.53132,0.98881,0.52237,0.97986,0.51454,1,0.53244,0.9944,0.51678,1,0.51789,0.99888,0.54698,0.97874,0.53692,1,0.55034,0.99994,0.54382,0.99552,0.54251,1,0.55034,1,0.55034,2
1,0.5,0.88023,0.50546,0.93168,0.50129,0.92911,0.50192,0.89994,0.51152,0.90752,0.56034,0.91548,0.50372,0.90908,0.50427,0.91389,0.46513,0.88265,0.51941,0.88489,0.50574,0.87535,0.50616,0.88569,0.49849,0.85443,0.50687,0.83081,0.50425,0.83149,0.50742,0.81944,0.50762,2
1,0.5,0.97351,0.49983,0.96603,0.48386,0.97589,0.48285,0.97792,0.51223,0.97062,0.50883,0.96298,0.52344,0.96977,0.49269,0.97419,0.51002,0.96892,0.50696,0.95703,0.53839,0.94735,0.53074,0.96994,0.51597,0.96244,0.51271,0.9606,0.51121,0.9623,0.50221,0.96348,0.49711,2
1,0.5,0.92355,0.56766,0.86819,0.46925,0.93937,0.5413,0.94464,0.45431,0.89367,0.53339,0.90334,0.49824,0.89631,0.49473,0.92882,0.47715,0.93585,0.48242,0.90861,0.45255,0.85501,0.52197,0.93234,0.42443,0.90573,0.47589,0.89104,0.49649,0.87874,0.46661,0.92882,0.46925,2
1,0.5,0.99769,0.47056,0.92622,0.51153,0.91699,0.31146,1,0.5188,0.92622,0.41123,0.79878,0.27527,0.80268,0.30888,0.92178,0.30729,0.79106,0.33904,0.78486,0.35163,0.68473,0.26321,0.78405,0.24415,0.70539,0.26916,0.60633,0.32955,0.71134,0.22757,0.5932,0.2735,2
1,0.5,1,0.48318,1,0.50243,1,0.43969,0.94483,0.50599,0.86541,0.52673,0.92722,0.50413,0.77296,0.5015,0.91887,0.43178,0.87767,0.4573,0.85444,0.36249,0.71693,0.43969,0.78764,0.2989,0.79492,0.38927,0.7155,0.41318,0.80218,0.3791,0.78022,0.30881,2
1,0.5,0.49068,0.45771,0.5,0.5,0.5,0.5,0.55735,0.36595,0.27169,0.30914,0.5,0.5,0.33172,0.69301,0.31434,0.57509,0.81864,0.61057,0.5,0.5,0.5,0.5,0.42599,0.49337,0.60323,0.48853,0.5,0.5,0.58298,0.62043,0.45896,0.69032,1
1,0.5,1,0.066495,1,0.6114,0.92746,0.30052,1,0.43955,1,0.67573,1,0.53886,1,0.42617,1,0,1,0,0.80916,0.57902,1,0.81174,1,0.41494,1,0.67962,1,0.16753,1,0.94214,1,0.40587,1
1,0.5,0.83532,0.51264,0.83313,0.52516,0.78598,0.59381,0.54388,0.67041,0.81811,0.56066,0.81049,0.57142,0.89319,0.55488,0.79187,0.59076,0.57198,0.70612,0.76944,0.60663,0.7571,0.61313,0.74419,0.61862,0.73084,0.62309,0.71717,0.62653,0.70332,0.62896,1,0.66518,2
0,0.5,1,0,0.5,0.5,0.5,0.5,1,1,1,0,0.14063,1,0.5,0.5,0,1,1,1,0,1,1,0.78125,0,1,1,1,1,0,1,1,1,1,1
1,0.5,1,0.49694,1,0.45083,1,0.46176,1,0.44698,1,0.44464,1,0.30256,1,0.42192,0.96062,0.34058,0.93236,0.32733,0.95847,0.27964,0.9803,0.26567,0.90937,0.29814,0.91341,0.28885,0.87892,0.30885,0.90224,0.29712,0.87177,0.2748,2
1,0.5,1,0.45643,1,0.41368,0.93317,0.091105,0.97408,0.80527,0.97737,0.29309,0.94243,0.34132,0.93968,0.38283,0.90525,0.1891,0.56122,0,0.95142,0.55527,0.81178,0.10726,0.77694,0.08566,0.74068,0.067085,0.70325,0.05163,0.66492,0.03936,0.43329,0,2
1,0.5,1,0.42882,1,0.41872,1,0.38172,1,0.46243,1,0.37495,1,0.36919,1,0.39012,1,0.30697,1,0.26919,1,0.3224,1,0.2017,1,0.26178,0.9941,0.25157,1,0.1209,1,0.12119,1,0.077815,2
1,0.5,1,0,1,1,1,0,1,0,1,0,1,0.4908,1,0,1,1,1,0.072085,1,1,1,0,0.5,0.5,1,1,1,0.1043,1,1,1,1,1
1,0.5,0.94104,0.4268,0.96704,0.44471,0.9605,0.41775,0.94154,0.41482,0.94231,0.34096,0.92634,0.34269,0.91058,0.32038,0.90341,0.33184,0.87621,0.26489,0.85278,0.26423,0.83075,0.24957,0.80649,0.25957,0.78402,0.22685,0.75089,0.20073,0.73538,0.21311,0.71094,0.20957,2
1,0.5,0.85627,0.48702,0.70644,0.38467,0.99009,0.45264,0.99855,0.44882,1,0.44525,0.79483,1,0.91863,0,0.91135,0.41068,0.9038,0.35872,0.37043,0.96365,0.75967,0.52728,0.82747,0.39804,0.96562,0.29346,0.81905,0.39049,0.93068,0.06323,0.38407,0,1
0,0.5,1,1,1,0,0.5,0.5,0.5,0.5,0,0,0.5,0.5,0.5,0.5,0,1,1,1,0,1,0,1,1,0,1,1,0,1,1,1,0.5,0.5,1
0,0.5,0.5,0.5,0.5,0.5,0.5,0.5,1,1,1,1,0.5,0.5,0.5,0.5,0.3125,0,0,0,0.5,0.5,0.5,0.5,0,0,0,0,0,1,1,0.5,0.5,0.5,1
1,0.5,0.99083,0.50437,0.99052,0.48091,0.98782,0.47151,0.97974,0.46515,0.99502,0.47747,0.97357,0.44449,0.96684,0.43605,0.97108,0.44209,0.89841,0.404,0.94137,0.41307,0.93128,0.40631,0.94244,0.40155,0.90907,0.39432,0.89273,0.38068,0.88455,0.38453,0.87162,0.38049,2
1,0.5,0.5,0.5,1,0.75862,0.5,0.5,0.55495,0,0.5,0.5,0.5,0.5,0,0.38793,0.22145,0.083515,0.8847,0.81573,0.5,0.5,0.76724,0.67834,0.04849,0.72414,1,0,0,0.90786,0.5,0.5,0.5,0.5,1
0,0.5,1,1,1,0,0.5,0.5,0.5,0.5,1,1,1,1,0,0,1,0,0,1,0.5,0.5,1,0,1,0,1,1,0,0,0.5,0.5,0.5,0.5,1
1,0.5,1,1,1,1,0.95505,1,0.36515,1,0.08424,1,0,1,0,0.86263,0,0.2111,0,0.28974,0,0,0.23581,0,0.95007,0,1,0,1,0,1,0.32657,1,0.67422,2
1,0.5,1,0.64023,1,0.51238,1,0.53882,1,0.52158,0.99381,0.66633,1,0.52745,1,0.52192,0.97875,0.37701,0.92185,0.45666,1,0.52075,0.99967,0.63688,1,0.30472,0.98207,0.48913,0.93373,0.6168,0.97289,0.38989,0.90177,0.46336,2
1,0.5,1,0.51765,1,0.5914,1,0.63484,1,0.62534,1,0.64389,1,0.69322,1,0.65837,1,0.82851,1,0.76923,1,0.80634,1,0.79729,0.94796,0.84163,0.94751,0.85687,0.92806,0.83574,0.87194,0.92806,0.85746,0.87918,2
1,0.5,0.98043,0.5431,0.9838,0.5964,0.98013,0.63726,0.99022,0.67526,0.96433,0.7314,0.93132,0.76259,0.9141,0.79397,0.86621,0.84532,0.84502,0.8657,0.77236,0.8441,0.74169,0.88099,0.70308,0.87345,0.667,0.91898,0.62472,0.9303,0.56878,0.93417,0.54524,0.93142,2
0,0.5,1,1,0.5,0.5,1,0,1,0,1,1,1,1,1,0,1,1,1,1,1,0,0,0,1,0,1,0,1,1,0.5,0.5,1,0,1
1,0.5,1,0.62084,1,0.74295,1,0.86486,1,1,1,1,1,1,1,0.88564,1,1,1,1,0.87234,1,0.94823,1,0.82314,1,0.69127,1,0.5541,1,0.41315,1,0.093085,1,2
1,0.5,0.84099,0.41343,0.91166,0.60954,0.73321,0.66431,0.62898,0.79152,1,0.42403,0.5053,0.72262,0.5053,0.69434,0.5934,0.70584,0.55283,0.68176,0.52163,0.65373,0.49959,0.62468,0.48569,0.59703,0.47843,0.57241,0.47611,0.55175,0.47708,0.53532,0.47994,0.52293,1
1,0.5,0.6959,0.46829,0.98732,0.52164,1,1,0.6791,0.57649,0.77239,0.5653,0.80784,0.08955,0.78918,0.83955,0.83396,0.44776,0.73321,0.44217,0.82787,0.57396,0.91604,0.72761,0.73508,0.58209,0.74655,0.57315,0.66231,0.48694,0.69559,0.56761,0.67206,0.56378,1
1,0.5,0.83774,0.52264,0.88491,0.44717,0.88679,0.51887,0.83019,0.47736,0.82264,0.50566,0.83396,0.43019,0.86038,0.48868,0.88491,0.54339,0.80944,0.46037,0.87925,0.38113,0.86981,0.42641,0.92453,0.42453,0.86943,0.47099,0.83396,0.51132,0.93207,0.51887,0.86604,0.50377,2
1,0.5,0.98857,0.59525,0.91341,0.7313,0.85885,0.79366,0.73984,0.92139,0.65704,0.96321,0.55144,0.96972,0.43373,0.92145,0.3399,0.95812,0.23928,0.89763,0.15863,0.74754,0.11296,0.66768,0.07312,0.58925,0.08343,0.49321,0.08817,0.4034,0.16356,0.33169,0.20028,0.2515,2
1,0.5,0,0,0.5,0.5,0.75407,0.10749,0.80293,0.6645,0,0.29316,0.5,0.5,0.5,0.5,1,0.36645,0.68241,0.18241,0.98534,0,0,0,1,0.20195,0,0,0,0,1,0,0.5,0.5,1
1,0.5,0.87042,0.52487,0.89537,0.51272,0.89287,0.51897,0.83115,0.54974,0.83901,0.65576,0.87967,0.53674,0.87348,0.54221,0.8534,0.46074,0.81807,0.5,0.8501,0.55678,0.84092,0.56093,0.83508,0.57722,0.82079,0.56804,0.82854,0.58769,0.79879,0.57349,0.78727,0.57557,2
1,0.5,0.55068,0.55405,0.5,0.5,0.5,0.5,0.77365,0.91216,0.65541,1,0.5,0.5,0.5,0.5,0.68581,0,0.66554,0,0.5,0.5,0.5,0.5,0.28716,0,1,0,0.77703,0.38176,0.5,0.5,0.5,0.5,1
1,0.5,0.69643,0.76191,0.10588,0.55671,0.41686,0.11811,0.83333,0.50595,0.91071,0.70238,0.16385,0.65365,0.32601,0.18166,0.73215,0.57738,0.77381,0.52976,0.24085,0.72481,0.26175,0.26203,0.66071,0.85119,0.75985,0.69424,0.78571,0.69643,0.22554,0.35042,0.62721,0.22081,1
1,0.5,0.93444,0.46444,1,0.48753,1,0.46555,0.93889,0.50111,0.91778,0.46778,1,0.46357,1,0.4,0.93444,0.52667,0.94,0.48111,1,0.44237,1,0.40666,0.92222,0.51778,1,0.42919,0.91111,0.42667,1,0.42195,1,0.27889,2
1,0.5,1,0.037735,1,0.87736,0.74528,0.4717,0.81132,0.5,1,0.49973,0.72642,0.53773,0.81132,0.4717,0.99439,0.49957,0.76415,0.5,0.76415,0.53773,0.97595,0.49944,1,0.89623,0.96096,0.49936,0.9717,0,1,0.71698,0.71698,0.44339,2
1,0.5,0.97608,0.53297,0.96807,0.56515,0.95498,0.59576,0.9244,0.25019,0.95012,0.8066,0.88969,0.67164,0.86127,0.68994,0.83072,0.70422,0.97736,0.79931,0.76629,0.72044,0.73386,0.72256,0.7022,0.721,0.67187,0.7161,0.95165,1,0.61703,0.6981,0.59316,0.68595,2
1,0.5,0.5,0.5,0.9946,0.38648,0.59459,0.47297,0.5,0.5,0.96622,0.53648,1,0.4,1,0.53514,1,0.44325,0.5,0.5,1,0.3946,1,0.29189,0.5,0.5,1,0.41216,0.5,0.5,1,0.37027,0.6446,0.42162,1
1,0.5,0.67347,0.60204,0.73469,0.62245,0.70408,0.60204,0.73469,0.72449,0.65306,0.79592,0.56122,0.77551,0.5,0.7551,0.46939,0.77551,0.39796,0.77551,0.35714,0.72449,0.35714,0.66326,0.19388,0.61225,0.26711,0.57447,0.20408,0.59183,0.32653,0.5,0.36735,0.37755,2
1,0.5,1,0.4946,1,0.48649,1,0.46757,0.97568,0.49189,0.9946,0.48379,0.9946,0.54324,1,0.46757,0.97568,0.54595,0.98919,0.49729,1,0.53243,1,0.52162,0.98919,0.54595,0.99278,0.50626,1,0.48379,1,0.51351,1,0.46486,2
1,0.5,0.86207,0.49458,0.89852,0.50542,0.9,0.50099,0.89508,0.50542,0.89212,0.49507,0.91675,0.51626,0.92562,0.50838,0.9005,0.49606,0.89556,0.48522,0.8798,0.51675,0.87389,0.52758,0.86306,0.49261,0.89021,0.50306,0.87045,0.47487,0.91478,0.51478,0.89508,0.50394,2
1,0.5,0.51926,0.51284,0.50214,0.5,0.50999,0.49001,0.5107,0.47503,0.47575,0.49358,0.50714,0.48859,0.5,0.48359,0.47646,0.48574,0.49144,0.51783,0.5107,0.50214,0.52568,0.48859,0.52568,0.50927,0.51997,0.50784,0.50999,0.50357,0.48716,0.49073,0.49286,0.50999,1
1,0.5,0.73545,0.61376,0.71164,0.66799,0.62831,0.73809,0.50926,0.74735,0.48942,0.76984,0.32937,0.65609,0.29365,0.6627,0.24206,0.53439,0.25,0.4418,0.42592,0.42725,0.42592,0.30952,0.3836,0.50133,0.51787,0.3413,0.57937,0.39153,0.62434,0.37831,0.6336,0.52116,2
1,0.5,0.97167,0.69287,0.74131,0.82267,0.60786,0.88757,0.2203,0.82449,0.13162,0.71024,0.11974,0.5,0.18647,0.3446,0.30805,0.18922,0.43601,0.15357,0.74955,0.1819,0.8574,0.3117,0.86928,0.47258,0.80049,0.65192,0.72761,0.80256,0.51371,0.77239,0.39214,0.75228,2
1,0.5,0.5,0.5,0,0,0,1,0.5,0.5,0,1,1,1,1,0,0.5,0.5,0.5,0.5,0,0,0,1,1,0.71875,1,0,0.5,0.5,0,0,0,1,1
0,0.5,0.5,0.5,0.5,0.5,0.5,0.5,0.5,0.5,0.5,0.5,0.5,0.5,0.5,0.5,0.5,0.5,0.5,0.5,0.5,0.5,0.5,0.5,0.5,0.5,1,0.5,0.5,0.5,0.5,0.5,0.5,0.5,1
0,0.5,0,1,1,1,0.5,0.5,1,0,1,0,1,0,0,0,0.5,0.5,0,0,0.5,0.5,0.5,0.5,0,0,1,0,1,1,0,0,0.5,0.5,1
1,0.5,1,0.55883,1,0.61764,1,0.70588,1,0.52941,1,0.61764,1,0.55883,1,0.7353,1,0.47059,1,0.44117,1,0.67647,1,0.70588,1,0.44117,1,0.60113,1,0.52941,1,0.67647,1,0.61764,2
1,0.5,0.95833,0.64583,0.91667,0.41667,0.85417,0.625,0.9375,0.45833,0.95833,0.52084,0.91667,0.5625,0.85417,0.5,0.9375,0.52084,1,0.54166,0.83333,0.45833,0.875,0.58334,0.91667,0.4375,0.91898,0.52751,1,0.60416,0.85417,0.5,0.85417,0.52084,2
1,0.5,1,1,0,1,0,0.08772,0.67324,0.60526,0.73026,0.53509,0.61403,0.52851,0.67544,0.67324,0.86403,0.48026,0.61403,0.76535,0.5,0.5,0.35087,0.41886,1,0.16667,1,0,1,0.3772,0.67544,0.60088,0.91447,0.53948,1
1,0.5,0.96124,0.40276,0.98209,0.41163,0.93512,0.38699,0.90851,0.36465,0.89636,0.35545,0.85151,0.25181,0.81669,0.25016,0.68627,0.14636,0.63535,0.13945,0.70253,0.22914,0.66755,0.20154,0.57375,0.182,0.54656,0.20205,0.46419,0.22536,0.4908,0.22963,0.46271,0.26051,2
1,0.5,0.92088,0.7173,0.75,0.8808,0.54958,0.9673,0.31118,0.94093,0.13819,0.8059,0.03059,0.59705,0.066455,0.37237,0.18566,0.17194,0.37448,0.07173,0.58122,0.06751,0.75738,0.16561,0.87448,0.35548,0.88969,0.53966,0.82068,0.71413,0.65718,0.81224,0.49789,0.84705,2
1,0.5,1,0.45238,0,0,0,0,1,0.65873,0.90675,0.88095,0,0,0,1,0.73682,1,1,1,0.8442,0,0,0,0.91468,0.68254,1,1,1,0.75397,0,0.3373,0,0.86416,1
1,0.5,0.96835,0.49905,0.8038,0.71602,0.96157,0.29936,0.96562,0.58414,0.98098,0.54531,0.99838,0.54086,0.95793,0.52548,0.92314,0.37338,0.9369,0.42759,0.92436,0.63067,0.8754,0.48179,0.92274,0.48706,0.93646,0.48849,0.99272,0.54692,0.89159,0.44903,0.92921,0.42638,2
1,0.5,0.68438,0,0,0,0.4617,1,1,0.9752,0.87299,0.30645,0,0.10343,0.45161,1,0.74342,0.73251,0.65877,0.36269,0.42829,0.39906,0.44012,0.53448,0.51511,0.53319,0.51721,0.49407,0.49799,0.49164,0.49619,0.50054,0.50008,0.50162,1
0,0.5,0.5,0.5,0.5,0.5,0.5,0.5,0.5,0.5,0.5,0.5,1,1,1,1,1,0,0.5,0.5,1,1,1,0,1,1,1,0.5,1,1,1,0,0.5,0.5,1
1,0.5,0.5,0.5,0.5,0.5,0.5,0.5,0.075,0,0.5,0.5,1,0,0.5,0.5,0,0,0,0,1,0,0.2,0,1,1,0,0.4,1,0,0.5,1,0.5,0.5,1
1,0.5,1,0.57143,1,0.85715,1,0.85715,1,0.42857,0.92857,0.42857,1,0.51267,1,0.5,0.71429,0.42857,1,0.51809,1,0.35714,1,0.5,0.64285,0.35714,1,0.52446,1,0.52591,1,0.78571,1,0.5,2
0,0.5,1,1,1,0,1,0,1,1,0.5,0.5,1,0,0.5,0.5,0.5,0.5,0.5,0.5,0,1,1,1,0.5,0.5,1,1,0.5,0.5,0,0,0.5,0.5,1
0,0.5,0.5,0.5,1,1,1,1,0.5,0.5,0.5,0.5,0,0,0.5,0.5,0,0,0.5,0.5,0.5,0.5,1,1,0.5,0.5,1,1,0.5,0.5,0,1,0.5,0.5,1
1,0.5,0.94402,0.69069,0.82963,0.84715,0.64574,0.93946,0.46637,0.95067,0.30202,0.9022,0.17713,0.78251,0.0852,0.63453,0.1053,0.45898,0.1861,0.34529,0.26682,0.22197,0.41775,0.17831,0.54781,0.19472,0.65203,0.25804,0.71613,0.35081,0.73514,0.4527,0.71076,0.56278,2
1,0.5,0.86762,0.30854,0.90075,0.55139,0.89413,0.57633,0.7779,0.52626,1,0.60613,0.85974,0.64477,0.84399,0.66463,0.74836,0.58644,0.82166,0.48578,0.787,0.71264,0.7656,0.72436,0.97265,0.78774,0.72087,0.741,0.56237,1,0.67535,0.7486,0.65294,0.74916,2
1,0.5,0.53202,0.42364,0.47784,0.52955,0.54187,0.48768,0.49261,0.59359,0.53202,0.5,0.56158,0.45074,0.52955,0.5,0.50985,0.48522,0.43596,0.39655,0.53448,0.50739,0.53448,0.51478,0.53941,0.58128,0.6404,0.47537,0.47045,0.4532,0.52216,0.52709,0.53695,0.44582,1
1,0.5,0.71354,0.25,0.5,0.5,0.5,0.5,0.73229,0.75521,0.79479,0.51041,0.5,0.5,0.5,0.5,0.58229,0.27292,0.79584,0.40834,0.5,0.5,0.5,0.5,0.99375,0.29583,0,0,0.36042,0.12188,0.5,0.5,0.5,0.5,1
1,0.5,0.94427,0.50816,0.96003,0.50653,0.96221,0.50679,0.94589,0.44888,0.95051,0.45786,0.9652,0.49484,0.96547,0.45541,0.93012,0.47471,0.94725,0.47988,0.94209,0.43937,0.94454,0.44045,0.9149,0.42931,0.93227,0.44096,0.92768,0.43474,0.91762,0.43774,0.93393,0.43883,2
1,0.5,0.5,0.5,0.5,0.5,0.5,0.5,0.5,0.5,0.5,0.5,0,1,1,0.77586,0.5,0.5,0.5,0.5,0.5,0.5,0.5,0.5,0.5,0.5,1,1,0.5,0.5,0.5,0.5,0.5,0.5,1
1,0.5,0.5,0.5,0.5,0.5,1,1,0,0,0.5,0.5,1,0.44444,0.5,0.5,0.5,0.5,0,1,1,1,1,0,0.5,0.5,1,0,0.5,0.5,0.5,0.5,1,1,1
1,0.5,0.87224,0.48805,0.85386,0.51655,0.86122,0.58456,0.89614,0.53861,0.90717,0.71967,0.81893,0.50275,0.85386,0.60845,1,0.53033,0.80514,0.52573,0.83732,0.52114,0.76011,0.375,0.86489,0.42095,0.80863,0.53562,0.65441,0.5432,0.77958,0.53729,0.80147,0.60845,2
1,0.5,0.92422,0.53397,0.90281,0.48851,0.88516,0.48351,0.83363,0.4669,0.79791,0.46167,0.8363,0.47114,0.8213,0.46781,0.696,0.52265,0.85627,0.50697,0.77985,0.45981,0.76715,0.45774,0.73519,0.38589,0.7433,0.45436,0.76306,0.45732,0.72138,0.45189,0.71111,0.45096,2
1,0.5,0.80339,0.48644,0.83559,0.52034,0.76441,0.47796,0.75254,0.51865,0.85254,0.46102,0.78983,0.48983,0.7661,0.53899,0.82034,0.55932,0.78475,0.48813,0.7661,0.50339,0.85763,0.48305,0.76441,0.48305,0.78631,0.50375,0.79322,0.4983,0.79492,0.48644,0.75084,0.5339,2
1,0.5,0.74757,0.54854,0.64806,0.52912,0.67475,0.5,0.78641,0.48786,0.79126,0.51214,0.66748,0.52427,0.76214,0.50243,0.73544,0.4466,0.71602,0.50243,0.67475,0.52912,0.59466,0.62864,0.65534,0.42475,0.68273,0.51907,0.6966,0.58738,0.63107,0.5,0.6869,0.49029,2
1,0.5,0.99411,0.51094,0.96551,0.6705,0.91952,0.67611,0.87353,0.74453,0.86792,0.7594,0.77538,0.8009,0.71565,0.83119,0.659,0.85221,0.64189,0.84437,0.53758,0.86848,0.53169,0.85642,0.41756,0.84857,0.41722,0.80255,0.41895,0.77903,0.32642,0.72098,0.33259,0.68732,2
1,0.5,0.98952,0.57905,0.95056,0.67619,0.91019,0.7428,0.8588,0.82444,0.79414,0.86872,0.70175,0.91578,0.6257,0.92402,0.5235,0.92738,0.43904,0.89875,0.3691,0.90377,0.31083,0.85838,0.24483,0.79162,0.21207,0.7302,0.1905,0.65398,0.17123,0.59173,0.17933,0.51484,2
1,0.5,0.9985,0.60838,0.95983,0.73515,0.88451,0.81207,0.76656,0.8906,0.68387,0.94145,0.55053,0.91656,0.46586,0.94637,0.35866,0.86037,0.28146,0.80844,0.22115,0.7406,0.175,0.67767,0.17671,0.57954,0.16674,0.51138,0.17564,0.43269,0.22692,0.38526,0.26399,0.32484,2
1,0.5,0.94917,0.67578,0.83666,0.81117,0.71949,0.97176,0.48179,0.90255,0.38581,0.87667,0.37432,0.74408,0.21311,0.64207,0.16625,0.55295,0.26321,0.46903,0.09472,0.46995,0.33402,0.26204,0.43551,0.2319,0.53579,0.24038,0.6216,0.28261,0.68293,0.34971,0.71403,0.56649,2
1,0.5,0.9704,0.55966,0.92869,0.50519,0.92562,0.50773,0.88483,0.49861,0.92229,0.55458,0.91644,0.51514,0.9134,0.51753,0.87419,0.50972,0.90009,0.51202,0.90431,0.5245,0.90129,0.52676,0.88668,0.5111,0.89529,0.53117,0.92969,0.54626,0.88932,0.53545,0.88634,0.53754,2
1,0.5,0.91739,0.64497,0.84628,0.73851,0.74617,0.84191,0.60996,0.9338,0.45952,0.92505,0.32221,0.88841,0.23633,0.79212,0.14825,0.65646,0.12089,0.5197,0.14387,0.42341,0.20843,0.30416,0.314,0.23523,0.41525,0.19568,0.54212,0.19256,0.62582,0.25766,0.70295,0.32331,2
1,0.5,0.99228,0.48632,0.99029,0.47948,1,0.46182,0.9936,0.50728,0.97639,0.48698,0.9925,0.46271,0.99691,0.46425,0.98698,0.45234,0.98632,0.43888,0.99647,0.47374,0.97639,0.45543,0.98676,0.4583,0.98327,0.43544,0.96735,0.42542,0.98566,0.42123,0.98389,0.406,2
1,0.5,0.76271,0.48305,0.97457,0.54238,0.76271,0.41525,0.65254,0.49152,0.75423,0.43221,0.82204,0.64407,0.91525,0.32203,0.77119,0.50848,0.77966,0.51695,0.79661,0.65254,0.9322,0.52543,0.70339,0.57627,0.83644,0.49867,0.83051,0.48305,0.91525,0.42373,0.88135,0.44915,2
1,0.5,0.66667,0.375,0.72222,0.61111,0.69444,0.58334,0.70833,0.56944,0.75,0.44444,0.77455,0.45778,0.79167,0.66667,0.77778,0.51389,0.625,0.40278,0.73611,0.47222,0.76389,0.48611,0.69444,0.54166,0.70771,0.42872,0.59722,0.43056,0.68462,0.42595,0.54166,0.25,2
1,0.5,0.75604,1,1,0.76905,0.85589,0.90416,0.72811,0.73213,0.66541,1,0.60625,1,0.41292,1,0.33459,0.99361,0.19309,1,0.23663,0.8585,0.0575,0.73947,0,0.67588,0,0.54785,0,0.41643,0,0.28887,0.040485,0.17222,2
1,0.5,0.96218,0.68462,0.85988,0.8421,0.64651,0.97039,0.44446,0.88264,0.34198,0.96226,0.16692,0.89383,0.039275,0.71157,0.028425,0.54792,0,0.51596,0.16785,0.16861,0.26995,0.10913,0.43257,0.05959,0.59882,0.074315,0.74452,0.14876,0.84943,0.26976,0.88033,0.43403,2
1,0.5,0.69697,0.37879,0.81327,0.50635,0.72728,0.54546,0.81818,0.54546,0.60606,0.39394,0.78788,0.57576,0.69697,0.5,0.78078,0.5228,0.75757,0.51515,0.89394,0.59091,0.65152,0.42424,0.74263,0.52965,0.73181,0.53071,0.66667,0.48485,0.70928,0.53205,0.69697,0.62121,2
1,0.5,0.94055,0.5,0.97408,0.48628,0.96799,0.4939,0.95122,0.50914,0.95122,0.50914,0.96951,0.50457,0.97866,0.50152,1,0.51372,0.97103,0.4939,0.95427,0.51219,0.95732,0.52744,0.99848,0.52439,0.94833,0.51113,0.95427,0.50457,1,0.52744,0.98781,0.4939,2
1,0.5,0.87234,0.55319,0.94353,0.50491,0.94271,0.50736,0.93617,0.49291,0.86525,0.55319,0.93829,0.51456,0.93617,0.51691,0.97873,0.539,0.97518,0.52128,0.92799,0.52372,0.92466,0.52589,0.93617,0.55674,0.91714,0.53007,0.87234,0.48227,0.90855,0.534,0.90387,0.53587,2
1,0.5,0.98757,0.50355,0.9929,0.50977,1,0.50977,0.99645,0.50799,0.97869,0.51155,0.98579,0.51776,1,0.51865,0.98934,0.51065,0.9929,0.52842,0.98579,0.52398,0.97247,0.52753,0.99201,0.51776,0.9877,0.53238,0.97425,0.54085,0.99556,0.53109,0.99467,0.54973,2
1,0.5,1,0.50553,1,0.50553,1,0.5116,0.99724,0.49282,0.99724,0.49889,0.99172,0.5116,1,0.50442,0.98784,0.50387,0.98951,0.50828,0.99006,0.50331,0.99061,0.5105,0.98564,0.49668,0.99016,0.508,0.98951,0.50774,0.99282,0.5105,0.99337,0.51381,2
1,0.5,0.95073,0.70893,0.82066,0.87862,0.6522,0.97574,0.39775,0.98267,0.22258,0.90596,0.090715,0.75474,0.01507,0.55173,0.04272,0.34294,0.14919,0.17269,0.33823,0.055005,0.52933,0.02914,0.72242,0.08923,0.87052,0.22385,0.94708,0.40637,0.93946,0.60179,0.85278,0.77426,2
1,0.5,0.66395,0.55521,0.57985,0.64654,0.5701,0.87243,0.37435,0.95996,0.41748,0.63332,0.18143,0.62433,0.01175,0.49832,0.38387,0.40046,0.34739,0.25557,0.42787,0.050045,0.54673,0.35542,0.64153,0.4072,0.698,0.44251,0.65502,0.52807,0.60722,0.6027,0.56688,0.63211,2
1,0.5,0.67673,0.43116,0.84693,0.48789,0.84098,0.48213,0.77859,0.46941,0.80918,0.44766,0.81049,0.46737,0.7968,0.46355,0.71135,0.36796,0.79107,0.52496,0.74868,0.45615,0.7312,0.45505,0.72504,0.49718,0.69573,0.45481,0.67794,0.44847,0.66116,0.45681,0.64472,0.4585,2
1,0.5,0.91754,0.54149,0.86869,0.42647,0.92175,0.47217,0.9522,0.47689,0.94695,0.56565,0.90599,0.53361,0.89654,0.45536,1,0.4895,0.9832,0.53309,0.93802,0.50577,0.8876,0.53309,0.97689,0.47899,0.91739,0.50062,1,0.56407,0.9333,0.44643,0.95273,0.47847,2
