1,0.5,0.98178,0.46401,1,0.42834,1,0.39343,1,0.31913,0.96285,0.28215,0.97255,0.29666,0.95196,0.26809,0.99152,0.32371,0.92268,0.1699,0.87673,0.19705,0.84818,0.17888,0.92553,0.1728,0.78788,0.15144,0.62718,0.1804,0.72557,0.1361,0.69447,0.1329,2
1,0.5,1,0.22895,1,0,1,0,1,0.68108,1,0.29441,1,1,1,0,1,0.35323,1,0.032005,1,1,1,1,1,0.29556,1,0.18628,1,0,1,0,1,0,1
1,0.5,0.75466,0.03002,1,0.63354,0.4824,0,1,0,0.71842,0,0.5,0.5,0,0.32867,0.3116,0.51811,1,0,0.5,0.5,0.5,0.5,0.41873,0.96118,0.69876,0.6325,0.5,0.5,1,0.61594,0.5,0.5,1
0,0.5,0.5,0.5,0,0,1,1,0,1,0,1,1,0,1,1,0,0,0,1,1,0,0,1,0,1,1,0,0,1,0,0,1,0,1
0,0.5,0,0,0.5,0.5,0,1,1,0.3125,0.5,0.5,0.5,0.5,0.5,0.5,1,0,0,0,1,0,0.5,0.5,1,0,0,1,0,0,0.5,0.5,0,1,1
1,0.5,1,0.5419,1,0.58693,1,0.43346,0.99086,0.8226,1,0.73952,1,0.79557,1,0.85379,1,0.91389,1,0.9755,1,1,0.99021,1,0.95812,1,0.91949,1,0.87411,1,0.82179,1,0.76239,1,2
1,0.5,0.83081,0,1,1,1,0.1634,0.90447,0.29777,1,0,1,0.053125,1,0.86696,0.58794,0.85491,1,0.89018,1,0.92634,1,0,1,0.92678,1,0.45715,0.97991,0.31875,1,0.82634,1,0.67366,1
1,0.5,1,0.53269,1,0.60373,1,0.6314,0.96525,0.66107,0.93386,0.6952,0.87737,0.75041,0.89777,0.7616,0.82977,0.80378,0.78809,0.815,0.73903,0.83567,0.70276,0.8442,0.67192,0.86041,0.63856,0.86193,0.59648,0.85341,0.55686,0.86344,0.53495,0.85722,2
1,0.5,1,0.48135,1,0.46308,0.99801,0.44481,0.99919,0.45034,0.9947,0.43093,0.98337,0.39153,0.97644,0.3745,0.95618,0.328,0.95291,0.33924,0.94995,0.32654,0.93937,0.31178,0.93107,0.28505,0.91586,0.28439,0.90716,0.28704,0.8896,0.26011,0.87557,0.24924,2
1,0.5,0.92067,0.40819,0.71822,0.5146,0.9671,0.49867,0.93973,0.56898,0.9056,0.49106,0.9428,0.77496,0.95857,0.21257,0.875,0.3524,0.93338,0.39948,1,1,0.73305,0.41855,0.95033,0.48611,0.96679,0.49421,0.80791,0.33851,0.92231,0.37147,0.96662,0.49288,2
1,0.5,1,0.52906,0.97263,0.53709,0.99976,0.56615,1,0.49045,0.97423,0.53517,0.97857,0.57322,0.97431,0.55612,0.95448,0.60059,0.98371,0.58132,0.99848,0.57129,0.95392,0.58205,0.95833,0.61216,0.94212,0.61786,0.94284,0.61255,0.89162,0.64788,0.91787,0.65583,2
1,0.5,0.58594,0,0,1,0.5,0.5,0.5,0.5,0,1,0.5,0.5,0.19323,0.16146,0.9026,0.68073,0.75989,0.57188,0.5,0.5,0,0.36458,0.07604,0.98125,1,1,0,0.83854,0.5,0.5,0.5,0.5,1
1,0.5,0.81908,1,0.60416,0,1,1,0.9386,0.6546,0.16557,1,0.4704,0.79386,0.50877,0.52522,0.24233,0,0.57127,0.48356,0.66338,0.2807,0,1,0.9046,0,1,0.4693,1,1,0.60307,0,1,1,1
1,0.5,1,0.29272,1,0.88065,0.9353,0.59296,1,0.45037,0.96922,0.73995,0.82726,0.4196,1,0.5044,0.98806,0.24937,0.90013,0.37751,0.94033,0.40453,1,0.43844,0.96796,0.55339,0.96445,0.46376,1,0.36306,0.71985,0.59925,0.75691,0.47299,2
1,0.5,1,1,1,0,1,0,1,1,1,1,1,1,1,0,1,1,1,1,1,1,1,1,1,1,1,0.75,0.5,0.5,1,0,1,0,1
1,0.5,1,0.52535,1,0.55414,1,0.59749,1,0.64226,1,0.67413,1,0.69131,0.97287,0.7144,0.94563,0.75195,0.87953,0.79401,0.90322,0.79981,0.89789,0.81379,0.83322,0.81971,0.79709,0.84718,0.74769,0.86342,0.73513,0.85845,0.6669,0.87621,2
1,0.5,0.86363,0.475,0.9462,0.51731,1,0.86363,0.83182,0.47046,0.74091,0.41591,0.90904,0.5478,0.78409,1,0.75228,0.60909,0.83409,0.55,1,0.35,0.99318,0,0.78636,0.66363,0.78491,0.57337,0.71137,0.54091,0.74463,0.57322,1,1,1
1,0.5,0.70966,0.56241,0.675,0.5625,0.61591,0.63977,0.48182,0.72159,0.52258,0.68097,0.40454,0.66818,0.43325,0.63661,0.51363,0.70227,0.32614,0.56363,0.39986,0.52539,0.40682,0.68182,0.42999,0.47599,0.45015,0.46443,0,0,0.48542,0.46268,0.49737,0.46843,1
1,0.5,0.2291,0.5743,0.33127,0.86688,0.76006,0.43034,0.65945,0.46594,0.60372,0.42415,0.73684,0.54489,0.78174,0.4226,0.58205,0.72601,0.66873,0.51703,0.75232,0.5356,0.18112,0.19195,1,0.82817,0.70674,0.29942,0.42415,0.55573,0.51199,0.7791,0.76316,0.45511,1
1,0.5,0.64601,0.56791,0.72666,0.58404,0.75892,0.49745,0.76316,0.60442,0.76231,0.41681,0.73684,0.47623,0.77759,0.51953,0.90832,0.38794,0.71222,0.47878,0.67488,0.53311,0.64092,0.39559,0.75866,0.48412,0.75184,0.48324,0.67317,0.54924,0.85399,0.49066,0.69779,0.48387,2
1,0.5,0.97852,0.43952,0.81659,0.43655,0.98182,0.40879,0.98513,0.5423,0.96002,0.49438,0.91772,0.3764,1,0.34303,0.99636,0.39392,0.99339,0.39491,1,0.36418,0.96563,0.30271,1,0.40383,0.94396,0.34218,0.90714,0.38136,0.94548,0.34071,0.84766,0.29214,2
1,0.5,0.97245,0.25345,1,0.48154,0.99449,0.06474,0.95042,0.83471,1,0.44948,1,0.43754,1,0.42491,1,0.41159,1,0.39754,1,0.38274,1,0.36714,1,0.35074,1,0.33348,1,0.31534,1,0.2963,1,0.27631,2
1,0.5,0.5,0.5,0.5,0.5,0.5,0.5,0.5,0.5,0.81098,1,0.5,0.5,0.5,0.5,0.68293,0.14025,0.78049,0,0.5,0.5,0.5,0.5,0.5,0.5,1,0.55488,0.5,0.5,0.5,0.5,0.5,0.5,1
1,0.5,0.99724,0.50263,0.92041,0.44344,0.94118,0.41785,0.9953,0.46871,0.98242,0.46252,0.9261,0.51483,0.9358,0.39576,0.96941,0.43512,0.99149,0.45532,0.94938,0.50038,0.93918,0.47059,0.96684,0.40064,0.93789,0.41097,0.97147,0.41709,0.90126,0.37129,0.88293,0.36103,2
1,0.5,0.82954,0.18561,0.5,0.5,0.5,0.5,0.88637,1,1,0.35985,0.5,0.5,0.5,0.5,0.81061,0.38637,0.92046,0,1,0,0.5,0.5,0.5,0.5,1,0.030305,0.43561,0.03409,0.5,0.5,0.5,0.5,1
1,0.5,0.93142,0.59655,0.9046,0.70575,0.83601,0.77892,0.7728,0.84981,0.68352,0.90766,0.59808,0.92836,0.47969,0.93142,0.4138,0.87892,0.3295,0.82873,0.25901,0.78046,0.19885,0.70498,0.20383,0.62874,0.18481,0.54409,0.2138,0.46092,0.22567,0.40038,0.28544,0.34023,2
1,0.5,0.60715,0.45238,0.66667,0.53571,0.59524,0.59524,0.61905,0.54762,0.70238,0.51191,0.65476,0.47619,0.65476,0.47619,0.64285,0.44048,0.66667,0.52381,0.65476,0.5,0.60715,0.44048,0.67857,0.47619,0.61055,0.48855,0.59524,0.5,0.58498,0.48983,0.57347,0.49062,2
1,0.5,1,0.42623,1,0.52459,0.78689,0.4918,0.82787,0.50819,0.92623,0.48361,0.86065,0.5,0.84426,0.41803,0.59836,0.42623,0.82779,0.41412,0.83607,0.5164,1,0.35246,0.65574,0.32787,0.76192,0.39838,0.66393,0.48361,0.63935,0.27869,0.7459,0.46721,1
1,0.5,0.99091,0.5,0.94314,0.51565,0.93124,0.52286,0.9,0.5,0.84546,0.52272,0.89671,0.54218,0.88559,0.5479,0.81363,0.62728,0.84091,0.56363,0.85337,0.56304,0.84302,0.56746,0.87272,0.61364,0.8229,0.57544,0.83637,0.51363,0.80357,0.58232,0.7942,0.58539,2
1,0.5,0.86905,0.91667,0.11905,0.38095,0.66667,0.42857,0.72619,0.42857,0.16358,0.56404,0.66667,0.5,0.64285,0.46429,0.30893,0.75582,0.61905,0.51191,0.72619,0.52381,0.58334,0.36905,0.21372,0.44883,0.62445,0.24461,1,0.5,0.16667,0.47619,0.63095,0.51191,1
1,0.5,0.97941,0.55065,1,0.49041,0.99157,0.51277,0.98487,0.45342,0.99477,0.48642,0.9899,0.48452,1,0.47329,1,0.4741,0.9692,0.50779,0.9881,0.45358,0.98945,0.47341,0.95783,0.42163,0.97839,0.46503,0.95489,0.50653,1,0.44601,0.96572,0.46556,2
1,0.5,0.5,0.5,0.33164,0.92694,0.5,0.5,0.84435,0,0.98539,0.65692,0.36976,0.20394,0.34879,0.82783,0.97077,0.58196,0.5,0.5,0.5,0.5,0.40979,0,0.5,0.5,1,0,0.5,0.5,0.52224,0.8094,0.5,0.5,1
1,0.5,0.5,0.5,1,0,0.5,0.5,0.5,0.5,1,1,1,0.37329,1,0.61644,1,0,0.5,0.5,0.5,0.5,1,1,0.5,0.5,1,0,0.5,0.5,1,0,0.5,0.5,1
1,0.5,0.36667,0.7,0.36349,0.5608,0.41111,0.47778,0.53096,0.4656,0.52231,0.51287,0.49557,0.51363,0.49207,0.49917,0.49954,0.49558,0.50235,0.49923,0.50069,0.50119,0.49943,0.50051,0.49966,0.49975,0.50009,0.49978,0.50013,0.50003,0.5,0.50008,0.49996,0.50001,1
1,0.5,0.97266,0.48242,0,0.33398,0,0.49218,0.98633,0.50586,0.9668,0.49023,0,0.58203,0,0.49805,0.97657,0.48242,0.96094,0.48633,0.003905,0.55859,0.033205,0.67383,0.97852,0.49805,0.9102,0.56879,0.95117,0.4668,0,0.40625,0,0.32813,1
1,0.5,0.97601,0.51127,0.96879,0.49364,0.96763,0.50607,0.98352,0.49133,0.98468,0.5026,0.97833,0.48468,0.9763,0.49798,0.9974,0.4867,0.99884,0.50896,0.96792,0.47514,0.96908,0.48815,0.98526,0.47774,0.98107,0.49177,0.987,0.50954,0.97717,0.48295,0.97919,0.50404,2
1,0.5,0.625,0.58334,0.73333,0.63333,0.59518,0.61983,0.53883,0.59969,0.50535,0.57461,0.48817,0.55094,0.48157,0.53158,0.48117,0.51729,0.48385,0.50766,0.48763,0.50179,0.49137,0.49863,0.49451,0.4973,0.49689,0.49707,0.49853,0.4974,0.49956,0.49796,0.50013,0.49855,2
1,0.5,0.95187,0.49198,1,0.54011,1,0.50802,0.96524,0.50267,0.96792,0.49198,1,0.5,1,0.53209,1,0.52407,0.95722,0.52139,0.98396,0.5107,0.99465,0.49198,0.98128,0.52674,0.98487,0.52226,0.9385,0.50535,1,0.54546,0.9893,0.53209,2
1,0.5,0.52933,0.49581,0.53352,0.50419,0.5,0.49441,0.50279,0.48045,0.50838,0.46229,0.49721,0.52653,0.53212,0.48324,0.5,0.54748,0.46787,0.53771,0.47625,0.51257,0.51397,0.49721,0.50419,0.50279,0.55168,0.49581,0.51536,0.49861,0.52234,0.5,0.52375,0.48324,1
1,0.5,0.97327,0.64356,0.86277,0.83624,0.73782,0.91227,0.50633,0.94555,0.37565,0.92237,0.26178,0.78039,0.1206,0.70871,0.16773,0.53604,0.17287,0.40237,0.23762,0.28,0.34574,0.22456,0.47941,0.17604,0.58042,0.2179,0.68376,0.2905,0.7303,0.38733,0.75188,0.4701,2
1,0.5,0.92868,0.50038,0.90963,0.47162,0.8876,0.47909,0.92158,0.54519,0.93129,0.55975,0.94026,0.46938,0.89171,0.51755,0.9186,0.46602,0.91785,0.42905,0.94063,0.50597,0.95257,0.5112,0.89843,0.49029,0.91192,0.48161,0.94063,0.46788,0.86968,0.49029,0.89545,0.45407,2
1,0.5,1,0,1,1,0,1,1,0,1,0,0,0,0,1,1,1,1,1,0,1,1,0,1,0,1,1,1,1,0,1,0,1,1
1,0.5,1,0.5,1,0.5,0.83333,0.55556,1,0.44444,0.94444,0.44444,1,0.38889,0.88889,0.5,0.88889,0.5,1,0.44444,0.88889,0.44444,0.83333,0.44444,0.83333,0.5,0.95173,0.47324,1,0.55556,0.94444,0.44444,1,0.5,2
1,0.5,1,0.72728,1,0.27272,1,0.54546,1,0.45454,1,0.5,1,0.36364,1,0.40909,1,0.54546,1,0.5,1,0.31818,1,0.54546,1,0.45454,1,0.47543,1,0.72728,1,0.36364,1,0.40909,2
1,0.5,0.5,0.5,0,0.18617,1,0.75532,0.5399,0.38298,0,0.31915,0.56383,0.20478,1,0,0.5,0.5,0.9149,0.4601,0.375,1,0.5851,0.14627,0.5,0.5,0.40426,0.26595,0.3883,0.25532,0.87234,0.95213,0.16224,0.72873,1
1,0.5,1,0.62038,0.99907,0.50184,0.90122,0.34934,0.94959,0.38257,0.85322,0.37961,0.86928,0.3473,0.85746,0.31961,0.73597,0.19405,0.70237,0.2247,0.8052,0.30336,0.76588,0.33659,0.61983,0.23929,0.64604,0.25805,0.56388,0.30429,0.57828,0.24335,0.59176,0.26699,2
0,0.5,0,1,1,0,0.5,0.5,0.5,0.5,1,0,1,1,0.5,0.5,1,0,0.5,0.5,0.5,0.5,1,1,0,1,1,0,0,1,0,0,0.5,0.5,1
1,0.5,1,0.81774,1,1,0.88562,1,0.33333,1,0,1,0.5,1,0,1,0,0.5,0,0.16667,0,0.03732,0,0.33333,0.33333,0,0.59618,0,1,0,0.5,0,1,0.16667,2
0,0.5,0,1,0,0,0.5,0.5,0,1,1,0,0,0,0,1,0.5,0.5,0,0,0,1,0.5,0.5,1,0,1,1,1,0,1,1,0.5,0.5,1
1,0.5,1,0.52575,0.99682,0.55061,0.98071,0.57378,0.97757,0.36752,0.83013,0.7735,0.90213,0.62641,0.86891,0.6369,0.83387,0.64357,0.79807,0.64652,0.76247,0.646,0.72791,0.64238,0.69512,0.63613,0.66465,0.62777,0.63691,0.61784,0.61213,0.60689,0.59043,0.59542,2
1,0.5,1,0.35786,1,0.37327,0.97311,0.32453,1,0.34717,0.96368,0.25472,0.95409,0.27941,0.87861,0.2055,0.84874,0.20991,0.79812,0.2121,0.8423,0.14513,0.77232,0.063365,0.74607,0.13333,0.67752,0.11973,0.63176,0.1088,0.58302,0.13427,0.56997,0.15,2
1,0.5,0.73684,0.44737,0.91891,0.50878,0.91578,0.51307,0.8421,0.47369,0.8421,0.5,0.89928,0.52514,0.89158,0.52878,0.92105,0.73684,1,0.52631,0.86275,0.53816,0.8515,0.5407,0.71052,0.60526,0.8271,0.54484,0.76316,0.39474,0.80075,0.54767,0.78709,0.54859,2
0,0.5,1,0,1,1,1,0,1,1,1,0,1,1,1,0,1,0,1,1,1,1,1,0,1,0,1,0,1,1,1,0,1,1,1
0,0.5,0.5,0.5,1,1,0.5,0.5,1,1,0.5,0.5,1,0,0.5,0.5,0.5,0.5,0.5,0.5,0.5,0.5,0.5,0.5,0.5,0.5,1,0,0.5,0.5,0,1,0.5,0.5,1
0,0.5,1,0,1,1,1,1,1,1,1,1,1,0,1,1,1,1,1,0,1,0,1,0,1,0,1,1,1,0,1,1,1,1,1
0,0.5,0.5,0.5,0.5,0.5,0.5,0.5,0.5,0.5,0.5,0.5,0.5,0.5,0.5,0.5,0.5,0.5,0.5,0.5,0.5,0.5,0.5,0.5,0.5,0.5,1,1,0.5,0.5,0.5,0.5,0.5,0.5,1
1,0.5,0.97325,0.50446,0.98643,0.4987,0.99461,0.50186,0.97901,0.50799,0.97027,0.51765,0.98606,0.5236,0.99313,0.50929,0.97138,0.53568,0.99276,0.49647,0.98885,0.5249,0.98179,0.53549,0.96637,0.54051,0.97622,0.52178,0.98737,0.50409,0.98923,0.53531,1,0.4987,2
0,0.5,1,1,0,0,0,0,0.5,0.5,0.5,0.5,0,0,0.5,0.5,0.5,0.5,0.5,0.5,0,1,1,1,0.5,0.5,1,0,0.5,0.5,0,0,0,0,1
1,0.5,0.84364,1,0.95986,0.11956,0.90887,0.52174,0.88044,0.55351,0.93395,0.86873,0.85034,0.59113,0.8796,0.56856,0.96739,0.37458,0.85368,0.59364,0.82442,0.62291,0.801,0.88712,1,0.23077,0.94631,0.61108,0.85535,0.76923,1,0.46739,0.78261,0.61957,1
1,0.5,0.94051,0.49572,0.94909,0.48768,0.97053,0.49089,0.94588,0.43622,0.91104,0.44534,0.94427,0.50589,0.95391,0.4314,0.93569,0.46946,0.95391,0.48821,0.93998,0.42712,0.91426,0.43783,0.9507,0.40247,0.94122,0.42549,0.92176,0.43569,0.94212,0.40729,0.95874,0.41586,2
1,0.5,0.74935,0.50909,0.71559,0.45195,0.75324,0.47922,0.75065,0.54805,0.72337,0.52987,0.77922,0.44026,0.75844,0.48182,0.76364,0.47013,0.77663,0.4948,0.74286,0.48312,0.74545,0.4948,0.79611,0.5,0.76608,0.4836,0.71559,0.51689,0.77272,0.47273,0.7948,0.45715,2
1,0.5,1,0.75,1,0.625,0.625,1,0.58425,0.9559,0.43332,0.90227,0.32947,0.80397,0.2809,0.68928,0.28168,0.58354,0.31662,0.50339,0.36762,0.45488,0.41911,0.43518,0.46109,0.43628,0.48956,0.44879,0.50516,0.46482,0.51112,0.47929,0.51124,0.48991,2
1,0.5,0.93524,0.69013,0.82049,0.84606,0.65674,0.93312,0.48034,0.9537,0.28914,0.89673,0.1472,0.7578,0.094755,0.61367,0.09432,0.4373,0.16263,0.30949,0.30833,0.18569,0.43494,0.14619,0.57776,0.1679,0.69272,0.24216,0.76287,0.35052,0.78119,0.47031,0.7573,0.58322,2
1,0.5,0.5,0.5,0.5,0.5,0.5,0.5,0,1,0.5,0.5,1,0.68666,0.44,0.44,0.5,0.5,0,0,0.5,0.5,1,0,0.5,0.5,1,0.61333,0.5,0.5,0.5,0.5,0.5,0.5,1
1,0.5,0.9409,0.71745,0.79787,0.88827,0.59836,0.97269,0.37949,0.96272,0.18737,0.85628,0.067785,0.66826,0.03808,0.47331,0.11322,0.27646,0.26525,0.13357,0.44882,0.088915,0.63192,0.11215,0.77992,0.22045,0.86074,0.37784,0.86239,0.548,0.79069,0.69457,0.67375,0.78828,2
1,0.5,0.91714,0.69561,0.7702,0.89289,0.56163,0.94701,0.33389,0.91789,0.14957,0.79782,0.06689,0.60955,0.07779,0.37918,0.20143,0.19053,0.40323,0.061065,0.5622,0.05468,0.75555,0.13773,0.89572,0.36133,0.91504,0.54359,0.83296,0.7454,0.68771,0.85006,0.48008,0.89722,2
1,0.5,0.80769,0.59462,0.89078,0.5089,0.88743,0.51323,0.82539,0.44846,0.88769,0.54,0.8698,0.5253,0.86161,0.52888,0.84308,0.45538,0.80846,0.58154,0.83116,0.53787,0.81939,0.54021,0.80077,0.46385,0.79402,0.54383,0.77538,0.62846,0.76694,0.54604,0.75304,0.54661,2
1,0.5,1,0.54901,1,0.6255,0.99195,0.66522,0.90182,0.7651,0.87489,0.80149,0.78469,0.85971,0.77655,0.8704,0.64726,0.91097,0.60569,0.89888,0.54854,0.91081,0.49133,0.89935,0.42428,0.87798,0.38581,0.84593,0.34143,0.80474,0.29855,0.77261,0.28592,0.72267,2
1,0.5,0.97315,0.58749,0.95473,0.66572,0.92548,0.7498,0.86839,0.81921,0.79607,0.86919,0.74349,0.91807,0.6523,0.95332,0.58979,0.96714,0.4965,0.96554,0.4056,0.94691,0.33488,0.91246,0.26733,0.88241,0.20719,0.83167,0.16036,0.76282,0.12339,0.71244,0.09395,0.63046,2
1,0.5,0.95883,0.59099,0.93045,0.67772,0.86437,0.72874,0.80212,0.84932,0.75188,0.87461,0.6805,0.90897,0.57832,0.91779,0.50198,0.92605,0.41805,0.88926,0.32002,0.88096,0.28457,0.82693,0.2343,0.76943,0.19836,0.70486,0.17745,0.63669,0.17145,0.56834,0.17972,0.52697,2
1,0.5,1,0.55693,0.8501,0.43928,0.90797,0.54839,0.85579,0.5057,0.78083,0.4611,0.84535,0.56262,0.79317,0.51992,0.76565,0.48292,0.84725,0.58444,0.86338,0.53605,0.66034,0.52941,0.7666,0.6869,0.74545,0.58976,0.5759,0.66224,0.72071,0.59449,0.78083,0.5759,2
1,0.5,0.73969,0.43815,0.71392,0.43815,0.85052,0.30412,0.86598,0.53608,0.63145,0.39176,0.74743,0.5799,0.72681,0.44072,0.71134,0.53093,0.75,0.3634,0.7732,0.59279,0.71134,0.54124,0.85309,0.59794,0.76698,0.43777,0.57732,0.36855,0.73711,0.52062,0.72681,0.24227,2
1,0.5,0.75056,0.48202,0.80562,0.50674,0.79438,0.50787,0.79438,0.51236,0.83371,0.49776,0.85842,0.47641,0.83259,0.5045,0.78652,0.51236,0.8236,0.46292,0.78427,0.57078,0.78764,0.48202,0.73259,0.52472,0.78294,0.50412,0.7382,0.48202,0.77304,0.55281,0.80337,0.45955,2
1,0.5,0.8576,0.49677,0.83333,0.47896,0.81554,0.47411,0.88997,0.54046,0.83657,0.54854,0.82363,0.57929,0.80097,0.49029,0.77185,0.47735,0.73463,0.44984,0.82363,0.57444,0.69579,0.60842,0.76214,0.47249,0.72552,0.5002,0.65696,0.46602,0.74596,0.4466,0.6521,0.47411,2
1,0.5,0.84074,0.55185,0.88518,0.51728,0.82593,0.54074,0.80494,0.49753,0.89506,0.55926,0.79876,0.52469,0.81234,0.54815,0.89136,0.41235,0.86913,0.44568,0.74321,0.50494,0.80494,0.54074,0.83333,0.4358,0.81886,0.48774,0.88272,0.51111,0.80617,0.4642,0.75679,0.47654,2
1,0.5,0.96986,0.64041,0.90243,0.76411,0.79083,0.86576,0.6748,0.90255,0.55398,0.95202,0.39992,0.94667,0.30135,0.91081,0.20582,0.81434,0.11847,0.70184,0.09369,0.59444,0.093415,0.47858,0.12363,0.36558,0.18382,0.26781,0.26789,0.19277,0.36806,0.14582,0.45532,0.14364,2
1,0.5,0.87352,0.43379,0.76877,0.58498,0.86363,0.54743,0.84783,0.44466,0.83399,0.38241,0.93972,0.40415,0.86857,0.52075,0.81522,0.49802,0.81818,0.44071,0.89624,0.37352,0.83201,0.35672,0.83597,0.44763,0.80923,0.43979,0.80039,0.39526,0.68775,0.53458,0.80534,0.49308,2
1,0.5,0.87782,0.74819,0.91775,0.7715,0.77458,0.86031,0.67612,0.85396,0.56734,0.97375,0.45091,0.96889,0.31198,0.91112,0.23629,0.8558,0.15821,0.83994,0.14919,0.62478,0.10426,0.51497,0.00506,0.3545,0.14824,0.33604,0.18344,0.40408,0.32934,0.19773,0.40196,0.18522,2
1,0.5,0.96829,0.67553,0.87627,0.8282,0.72786,0.94288,0.57661,0.97888,0.39113,0.98151,0.21732,0.91698,0.10624,0.79022,0.03448,0.6301,0.031795,0.46791,0.06486,0.29525,0.17461,0.16268,0.316,0.075245,0.47711,0.043895,0.63665,0.07119,0.77414,0.15193,0.87414,0.27914,2
1,0.5,0.97779,0.49922,0.9321,0.43378,0.97491,0.49769,0.91404,0.24415,0.9622,0.55184,1,0.42877,0.99632,0.48729,0.97927,0.42241,0.92007,0.80869,1,0.4184,0.93746,0.45753,0.92871,0.49168,0.92066,0.49116,0.91213,0.49067,0.90317,0.49022,0.8938,0.4898,2
1,0.5,0.89689,0.64746,0.82032,0.76156,0.70659,0.84079,0.57088,0.91774,0.41585,0.89386,0.28545,0.86164,0.21418,0.70735,0.12282,0.58378,0.15011,0.45072,0.21153,0.38249,0.29681,0.30856,0.41281,0.2373,0.50762,0.25646,0.59515,0.30971,0.65504,0.384,0.67286,0.45982,2
1,0.5,1,0.37974,1,0.39874,0.93671,0.44937,0.94304,0.50633,1,0.55696,0.96203,0.53165,0.92405,0.48102,0.81645,0.31645,0.93671,0.49367,0.96836,0.53165,1,0.62658,0.81012,0.31012,0.92318,0.4723,1,0.46836,0.76582,0.51266,0.91772,0.48734,2
1,0.5,0.92507,0.50904,0.96105,0.50728,0.96023,0.5109,0.96382,0.54005,0.93799,0.55685,0.95581,0.5216,0.95369,0.52509,0.9367,0.51421,0.97933,0.5,0.94549,0.53524,0.94215,0.53848,0.91861,0.55427,0.93461,0.54475,0.93799,0.54393,0.92599,0.55067,0.92129,0.55349,2
1,0.5,0.95036,0.50887,1,0.49113,0.95036,0.50355,0.92376,0.52837,1,0.51773,0.98936,0.50532,0.98759,0.51773,1,0.48405,0.94858,0.48405,0.93085,0.539,1,0.5461,0.95036,0.52305,0.97152,0.51623,0.97341,0.51241,1,0.50532,0.96808,0.51064,2
1,0.5,0.82922,0.71808,0.7234,0.87402,0.5266,0.92553,0.33986,0.9107,0.15874,0.76204,0.078945,0.53556,0.085945,0.35639,0.26484,0.14137,0.4762,0.06999,0.61646,0.11842,0.78331,0.23936,0.8715,0.40677,0.87379,0.61857,0.72592,0.79536,0.60274,0.88382,0.40734,0.87178,2
1,0.5,0.91127,0.46214,0.90231,0.50116,0.93757,0.49393,0.9341,0.46243,0.86416,0.44133,0.92312,0.52514,0.91561,0.463,0.87399,0.53353,0.89162,0.53179,0.93382,0.48815,0.89422,0.46994,0.87226,0.48815,0.88359,0.48635,0.87023,0.46185,0.85029,0.4789,0.8922,0.50607,2
1,0.5,0.83333,0.49317,0.98702,0.53416,0.74795,0.75069,0.87841,0.49863,0.82582,0.42964,0.70082,0.25546,0.69604,0.79371,0.88388,0.65915,0.89276,0.5567,0.73771,0.27527,1,0.50341,0.80328,0.53483,0.84328,0.58544,0.93784,0.53893,0.77664,0.62295,0.56967,0.74043,2
1,0.5,1,0.40585,0.96518,0.31922,0.44566,0.032015,1,0.47725,0.75437,0.16129,0.67216,0.15147,0.24157,0.012425,0.5275,0.18882,0.66555,0,0.43424,0.2735,0.40972,0.32133,0.39834,0.36716,0.39766,0.40799,0.4048,0.44204,0.41687,0.46856,0.43131,0.48777,1
1,0.5,1,0.488,0.9707,0.53265,0.96053,0.38372,0.88576,0.41801,0.76399,0.39863,0.78204,0.49644,0.67197,0.36272,0.7647,0.3911,0.72554,0.41093,0.52991,0.32212,0.51155,0.23561,0.51643,0.17421,0.56645,0.23397,0.51216,0.18901,0.47147,0.20214,0.47696,0.17151,2
1,0.5,0.51168,0.49704,0.45038,0.44026,0.49618,0.44088,0.57353,0.53319,0.51893,0.46849,0.5,0.5,0.47714,0.4223,0.49828,0.44902,0.44212,0.47293,0.50919,0.51835,0.5076,0.50444,0.51757,0.49233,0.4838,0.54612,0.46071,0.50366,0.5,0.5,0.4998,0.56005,1
0,0.5,0.5,0.5,0.5,0.5,1,0,0.5,0.5,0,0,0.5,0.5,0.5,0.5,1,1,0,0,0.5,0.5,0.5,0.5,1,1,1,1,0.5,0.5,1,1,0.5,0.5,1
1,0.5,1,0.53327,1,0.40806,1,0.3634,1,0.28446,1,0.29325,0.98116,0.24063,0.95355,0.20492,0.94615,0.16763,0.84938,0.14502,0.85323,0.1184,0.8154,0.09728,0.77933,0.05436,0.73606,0.0675,0.70151,0.081625,0.65498,0.054535,0.61498,0.05421,2
1,0.5,1,0.5369,1,0.5171,1,0.47219,1,0.54382,1,0.59825,1,0.60164,1,0.56393,1,0.5528,1,0.63543,1,0.72379,1,0.70875,1,0.60017,1,0.68371,0.97802,0.74321,1,0.66246,1,0.73356,2
1,0.5,0.99822,0.53234,1,0.49382,0.98906,0.51249,0.98056,0.51156,0.99637,0.53904,0.94661,0.55173,0.97106,0.52634,0.94405,0.5556,0.93052,0.54316,0.90817,0.55915,0.91834,0.57221,0.90664,0.56706,0.89738,0.56819,0.89555,0.5769,0.88561,0.57965,0.85471,0.56007,2
0,0.5,0,1,0.5,0.5,0.5,0.5,0,1,1,1,0.5,0.5,0.5,0.5,1,0,0,1,1,1,0.5,0.5,0,0,1,0,1,1,0,1,0.5,0.5,1
1,0.5,1,0.46909,1,0.51471,1,0.47435,1,0.49146,1,0.44137,0.92246,0.47399,0.96696,0.46701,0.84585,0.4631,0.82865,0.39816,0.97455,0.34221,0.90426,0.34173,0.92466,0.32581,0.86264,0.35413,0.86547,0.30712,0.77178,0.36858,0.82103,0.30256,2
1,0.5,1,0.7891,1,0,1,0,1,0,1,0,1,0,1,0,1,0,1,0,1,0.18602,1,0,1,0,1,0,1,0,1,0,1,0,1
1,0.5,1,0.42051,0.86157,0.63843,0.91722,0.20806,1,0.35896,1,0.25068,0.89981,0.43737,0.88418,0.57319,1,0.69668,1,0.63295,0.98177,0.49055,0.963,0.04331,1,0.57401,1,0.44209,1,0.44435,1,0.76686,1,0.21121,2
1,0.5,1,0.50216,1,0.49395,1,0.4852,1,0.46493,0.9892,0.46872,1,0.46728,0.9863,0.46042,0.96281,0.43168,0.97092,0.42836,0.99795,0.42876,0.97408,0.43217,0.94734,0.39575,0.94534,0.41046,0.92822,0.40724,0.91888,0.39949,0.91934,0.39617,2
1,0.5,0,0,1,1,1,0.42812,0.5,0.5,0,1,1,1,0.58959,0,0,0,0.54375,0,1,0,0,1,0,0,1,0,0,0,1,1,0.5,0.5,1
1,0.5,0.99513,0.47108,0.99896,0.43495,0.99331,0.40285,0.99687,0.37079,0.96369,0.34935,0.96325,0.31017,0.94906,0.28102,0.92461,0.23968,0.93717,0.21463,0.89508,0.20081,0.87362,0.17692,0.84141,0.1576,0.82624,0.13413,0.80505,0.12323,0.77376,0.09861,0.74598,0.083775,2
1,0.5,0.97299,0.48657,0,0.63065,0.31804,0.67819,0.84629,0.18286,1,0.48324,0.3549,0.49725,0.22574,0.57726,0.95961,0.26865,1,0.24788,0.35132,0.34273,0.13068,0.6868,0.91936,0.26633,0.76104,0.20935,1,0.19304,0.45183,0.60238,0.46942,0.70957,1
1,0.5,0.9783,0.54072,0.98744,0.47167,0.98582,0.45758,0.98049,0.4672,0.97358,0.5064,0.97718,0.41602,0.97306,0.40252,0.99815,0.33866,0.95171,0.32049,0.95714,0.36342,0.9507,0.35096,0.9995,0.29627,0.93622,0.32707,0.9603,0.34691,0.91975,0.30469,0.91083,0.29414,2
1,0.5,0.54166,0.39658,0,1,0,1,0.85938,0.73586,0.089285,0.18639,0,0,0,1,0.48623,0.79576,0.28943,0.28943,0.12686,0,0,0.26599,0,0.61905,1,0,0,0.30543,0,0,0,0.80729,1
1,0.5,1,0.48871,1,0.47753,1,0.46659,1,0.456,1,0.78086,1,0.43631,1,0.42739,1,0.66204,1,0.4118,0.99742,0.40526,0.97801,0.3996,1,0.03858,0.9364,0.39104,0.9146,0.38815,0.8924,0.38617,0.86996,0.3851,2
0,0.5,0,1,1,0,0,1,0.5,0.5,1,1,0,0.40625,1,1,0,0,1,0,0,0,1,1,1,0,1,1,1,1,0.5,0.5,0,0,1
1,0.5,0.50833,0.32188,0.5,0.5,0.5,0.5,0.5,0.5,0.5,0.5,0.5,0.5,0.56146,0.225,0.61406,0.91407,1,0.28854,0.5,0.5,0.54166,0,0.44688,0.41667,1,0.11667,0,0.59427,0.5,0.5,1,0.36354,1
1,0.5,0.92392,0.55299,1,0.69565,1,0,0.83469,0.54212,1,0.63519,1,0.80299,1,0.67753,1,0.51336,0.79212,0.28487,1,0.81748,0.94565,0.63292,0.95517,0.33333,1,0.57971,0.6884,0.49027,1,0.61232,1,0.68705,1
0,0.5,1,0,1,1,0,0,1,0,0.5,0.5,0.5,0.5,0,1,1,0,1,0,0.125,1,1,0,1,0,1,0,0,0,0.5,0.5,1,0,1
1,0.5,0.84722,0.69444,0.5,0.5,0.33532,0.8492,0.5,0.5,0.5,0.5,0.5,0.5,0.60318,0.37897,0.60516,0.59722,0.73215,0.89087,0.5,0.5,0.5,0.5,0.86706,0.63691,0.88095,0.81746,0.5,0.5,0.5,0.5,0.5,0.5,1
1,0.5,1,0.52039,1,0.55991,1,0.58079,1,0.6396,0.99351,0.65444,0.96372,0.6882,0.95559,0.69874,0.90969,0.7303,0.89309,0.73497,0.897,0.78141,0.85166,0.79065,0.83539,0.79862,0.79452,0.80495,0.76976,0.80466,0.72656,0.81818,0.70221,0.81329,2
0,0.5,1,1,1,0,1,1,0,1,0.5,0.5,1,1,0.5,0.5,0.5,0.5,0,1,0,1,1,1,1,0,1,1,1,1,1,0,0,1,1
0,0.5,1,0,1,1,1,1,1,1,1,1,1,0,1,0,1,1,1,0,1,1,1,1,1,0,1,1,1,0,1,1,1,0,1
1,0.5,0.96138,0.53902,0.9634,0.58125,0.94851,0.62309,0.92056,0.67599,0.894,0.71098,0.85358,0.73491,0.85398,0.78238,0.80229,0.821,0.75623,0.82462,0.69951,0.83488,0.67116,0.84171,0.61847,0.88073,0.59383,0.86943,0.54847,0.85519,0.51367,0.88536,0.47989,0.84754,2
1,0.5,0.87426,0.48595,0.8284,0.47411,0.90311,0.51406,0.92973,0.51258,0.81731,0.54364,0.85799,0.5392,0.86539,0.52589,0.89275,0.36094,0.82988,0.49261,0.89349,0.53477,0.67307,0.4068,0.82693,0.51406,0.80505,0.46681,0.76775,0.39423,0.79512,0.42973,0.78181,0.5148,2
1,0.5,0.94152,0.39002,1,0.68186,0.91202,0.59603,0.92543,0.52951,0.95279,0.47854,0.92596,0.625,0.88949,0.62661,0.84603,0.7897,0.85515,0.69528,0.86588,0.63787,1,0.67436,0.7838,0.76019,0.84906,0.76618,0.90451,0.79292,0.71513,0.85462,0.76181,0.77093,2
1,0.5,0.89579,0.58425,0.5,0.5,0.7827,0.53437,0.69734,1,0.69179,0.99778,0.4878,0.76608,0.61862,0.5643,0.48669,0.97561,0.24501,0.92461,0.449,0.69402,0.28714,0.61862,0.04213,0.90355,0.32927,0.94124,0,0.84701,0,0.5643,0.5,0.5,1
0,0.5,0.5,0.5,0.5,0.5,0.5,0.5,0.5,0.5,0.5,0.5,0.5,0.5,0.5,0.5,0.5,0.5,0.5,0.5,0.5,0.5,0.5,0.5,0.5,0.5,1,0,0.5,0.5,0.5,0.5,0.5,0.5,1
1,0.5,1,0.21388,0.99575,0.13315,0.94759,0.01275,1,0.32091,1,0.38386,0.81445,0.06799,1,0.21232,1,0.10198,0.88386,0.05524,0.98301,0,0.8506,0.12552,0.80973,0.11548,0.76889,0.11007,0.9051,0,1,0,0.65223,0.11944,2
1,0.5,0.71,0.195,0.5,0.5,1,0,0.95,1,0.715,0.82,0.5,0.5,0.5,0.5,0.835,0.355,0.92,0,0.5,0.5,0.5,0.5,0.605,0.84,1,0.61,0.5,0.5,0.5,0.5,0.5,0.5,1
1,0.5,1,0.61698,0.95702,0.76006,0.8901,0.86072,0.7383,0.92111,0.6382,0.95865,0.54734,0.94124,0.3901,0.95702,0.32916,0.87759,0.2432,0.82264,0.17736,0.72307,0.12949,0.64581,0.14581,0.51795,0.14134,0.44028,0.17519,0.35908,0.24374,0.27748,0.31284,0.2334,2
1,0.5,0.71875,0.52084,0.79167,0.44792,0.69792,0.5,0.66667,0.46875,0.73958,0.5,0.64583,0.55209,0.77083,0.51041,0.71875,0.38542,0.67708,0.38542,0.66667,0.54166,0.625,0.59375,0.69792,0.40625,0.72006,0.44968,0.70833,0.45833,0.79167,0.34375,0.66667,0.46875,2
1,0.5,0.98467,0.50438,1,0.50421,0.99329,0.49618,0.98934,0.48578,0.9991,0.48245,1,0.49365,1,0.4871,1,0.49412,0.99243,0.50013,1,0.48694,1,0.47628,0.98009,0.47736,0.99594,0.48263,0.9851,0.48761,1,0.48073,0.9921,0.47944,2
1,0.5,0.82061,0.50701,0.67073,0.4878,0.76375,0.51733,0.59756,0.56098,0.71657,0.52377,0.60976,0.52439,0.64634,0.5,0.68293,0.5,0.65853,0.53658,0.63414,0.56098,0.61849,0.52907,0.60976,0.54878,0.59652,0.52821,0.58705,0.52752,0.59756,0.5,0.58537,0.53658,2
1,0.5,1,1,1,0,0.5,0.5,0.5,0.5,1,1,1,0,1,1,1,0,0.5,0.5,0.5,0.5,1,0.36111,0.5,0.5,1,0,1,1,1,0,0.5,0.5,1
1,0.5,0.63333,0.45,0.76666,0.5,0.66667,0.43334,0.68334,0.55834,0.78334,0.50833,0.85834,0.54166,0.85,0.46666,0.76666,0.6,0.70833,0.49167,0.65834,0.6,0.85,0.5,0.625,0.56666,0.73107,0.52719,0.7,0.51667,0.73333,0.51667,0.70833,0.475,2
1,0.5,0.81373,0.46079,0.86274,0.5,0.80392,0.46079,0.81373,0.44117,0.84313,0.44117,0.83333,0.43138,0.82353,0.45098,0.77451,0.44117,0.77451,0.39216,0.79412,0.40196,0.83333,0.38236,0.72549,0.37255,0.76204,0.37666,0.78431,0.34313,0.71569,0.39216,0.7353,0.36274,1
1,0.5,0.92636,0.52713,1,0.54034,1,1,0.95737,0.49612,0.91861,0.51938,1,0.63577,1,1,0.90697,0.52326,0.95349,0.55814,1,0.75335,1,0,0.9031,0.51938,1,0.85807,0.92248,0.53489,1,0.93659,1,1,1
1,0.5,0.3975,0.64375,0.615,0.55,0.64125,0.65875,0.66125,0.675,0.68142,0.32692,0.54625,0.6375,0.4525,0.605,0.45625,0.6175,0.32906,0.65704,0.26,0.46,0.64954,0.66588,0.21,0.38,0.66095,0.35762,0.265,0.5925,0.36448,0.34386,0.70222,0.51525,1
1,0.5,0.5273,0.50718,0.48707,0.52299,0.50718,0.52299,0.4612,0.50431,0.50862,0.46696,0.48132,0.52155,0.45833,0.47701,0.45259,0.54023,0.47989,0.52586,0.51006,0.5115,0.48132,0.49425,0.5158,0.49569,0.50431,0.50862,0.51293,0.50575,0.51293,0.50575,0.47701,0.49712,1
1,0.5,0.54348,0.50343,0.5698,0.47941,0.55263,0.45881,0.56293,0.46911,0.61671,0.49428,0.56178,0.5389,0.57322,0.4325,0.64531,0.47597,0.59496,0.53661,0.55835,0.5,0.55607,0.49885,0.57551,0.44851,0.54234,0.50687,0.55607,0.46682,0.54805,0.46338,0.55835,0.46568,1
1,0.5,0.92605,0.69626,0.69444,0.88216,0.54429,0.99452,0.28687,0.94372,0.11885,0.7499,0.03454,0.55384,0.0705,0.34478,0.16985,0.22369,0.4037,0.069685,0.64222,0.09752,0.82325,0.32385,0.88907,0.38338,0.85849,0.60672,0.68915,0.79155,0.59834,0.83157,0.44393,0.82466,2
1,0.5,1,1,1,0.75625,0.8125,0,1,1,0.5125,0.51563,1,1,0.5,0.5,1,0,1,1,1,1,0.65625,1,1,1,1,1,1,1,0.028125,1,0.5,0.5,1
1,0.5,1,0.77451,0.81373,1,0.5098,1,0.2549,0.96079,0.088235,0.79412,0,0.55883,0.01961,0.33333,0.17647,0.15686,0.38236,0.068625,0.67647,0,0.87255,0.13726,0.96079,0.39216,0.96437,0.60938,0.86274,0.78431,0.61764,0.95098,0.44117,0.95098,2
1,0.5,0.72222,0.72222,0.76848,0.95382,0.38889,1,0.33333,0.94444,0,0.66667,0,0.44444,0,0.38889,0.16667,0.11111,0.77778,0,0.38889,0.11111,0.88889,0.38889,0.66667,0.5,0.9606,0.7251,0.78727,0.92176,0.61111,1,0.22222,1,2
1,0.5,0,0,0.24653,1,1,0,1,0.76909,0.5,0.5,0.61979,0,1,1,0.5,0.5,1,1,1,1,0.5,0.5,0.14236,1,0.66667,0,1,0,0.84896,0,0.73784,1,1
0,0.5,0,0,0.5,0.5,0.5,0.5,0.5,0.5,0.5,0.5,0.5,0.5,1,0,0.5,0.5,0,0,0.5,0.5,1,1,1,0,1,0,0.5,0.5,0.5,0.5,0.5,0.5,1
1,0.5,0.82473,0.46052,0.79132,0.4281,0.43435,0.39308,0.64898,0.52202,0.69048,0.3683,0.64465,0.34002,0.51729,0.40526,0.60135,0.35279,0.57598,0.35474,0.54756,0.34237,0.53278,0.36602,0.51502,0.37438,0.49977,0.38395,0.48694,0.39436,0.47641,0.40525,0.50668,0.364,2
1,0.5,1,0.61529,1,0.10746,1,0.44799,1,0.57707,1,0.6391,0.9906,0.46569,1,0.53305,0.97901,0.40523,0.91792,0.42184,0.987,0.51864,0.99812,0.54621,1,0.49373,0.98119,0.47702,0.95582,0.51943,1,0.43139,0.98262,0.44142,2
1,0.5,0.95588,0.45588,0.9853,0.58823,0.91176,0.54412,0.95588,0.48529,0.9853,0.41176,0.9853,0.57353,0.97059,0.5147,1,0.5,1,0.5,0.88236,0.55883,0.94117,0.5147,0.92647,0.5147,0.96331,0.513,0.97059,0.44117,0.9853,0.52941,0.95588,0.52941,2
1,0.5,0,1,0,0.57622,0.64177,1,0,1,0,0,1,1,0,0.38262,0.6415,0,1,1,0.34299,0,0,0,1,0,0,0.48211,1,0,0,0.33842,0.57469,1,1
1,0.5,0.49679,0.25,0.5,0.5,0.49039,1,0.5,0.5,0.5,0.5,0.5,0.5,0.5,0.5,0.5,0.5,0.65705,0.96474,0.32372,0.87179,0.32693,0.096155,0.5,0.5,0.19231,0.24359,0.5,0.5,0.5,0.5,0.5,0.5,1
1,0.5,0,0.20161,0.5,0.5,0,0.82258,0.064515,1,0.5,0.5,0.5,0.5,0.5,0.5,0.5,0.5,0.5,0.5,0,0,0.5,0.5,0.64919,0.61694,1,0.75806,0.5,0.5,0.5,0.5,0.5,0.5,1
0,0.5,1,0,1,1,1,0,1,1,1,0,1,0,1,0,1,1,1,1,1,1,1,0,1,1,1,1,1,1,1,1,1,0,1
1,0.5,0.96328,0.52087,0.94633,0.57883,0.93049,0.59896,0.91837,0.68263,0.90309,0.70099,0.88111,0.70276,0.83293,0.7418,0.80051,0.75876,0.76696,0.7609,0.74218,0.77106,0.71273,0.77842,0.6667,0.77637,0.63489,0.77107,0.61153,0.76724,0.57156,0.74562,0.55787,0.73286,2
1,0.5,0.96769,0.56822,0.96858,0.62679,0.92853,0.6939,0.89519,0.73564,0.86176,0.79971,0.8263,0.875,0.75415,0.86793,0.70815,0.91371,0.6277,0.92976,0.56856,0.92807,0.50247,0.94434,0.4632,0.8989,0.39503,0.89002,0.33415,0.85727,0.30734,0.82181,0.2629,0.77917,2
1,0.5,0.90314,0.56534,0.8653,0.62162,0.82308,0.59519,0.68461,0.72789,0.72396,0.7322,0.625,0.78654,0.62596,0.68558,0.57608,0.75938,0.45096,0.7875,0.48269,0.71442,0.45572,0.72212,0.42529,0.70003,0.4003,0.67488,0.38084,0.6477,0.36683,0.61948,0.38077,0.65577,2
1,0.5,0.96154,0.57725,0.932,0.64878,0.86291,0.68395,0.85294,0.78415,0.78724,0.8136,0.71635,0.87338,0.65853,0.83848,0.59564,0.88409,0.52343,0.88085,0.43968,0.88484,0.4076,0.85664,0.35354,0.82854,0.30601,0.79276,0.266,0.75066,0.23427,0.70366,0.21885,0.67548,2
1,0.5,0.75233,0.4155,0.85721,0.50757,0.85532,0.51129,0.84032,0.50641,0.67307,0.52797,0.84525,0.52197,0.84051,0.52529,0.83512,0.52846,0.81702,0.47669,0.82251,0.53428,0.81539,0.5369,0.92017,0.59032,0.79968,0.54152,0.69114,0.5338,0.78233,0.54523,0.77316,0.54673,2
1,0.5,0.80929,0.55425,0.85347,0.46532,0.85179,0.50839,0.87136,0.50112,0.85515,0.57886,0.85794,0.49888,0.89877,0.533,0.91834,0.41723,0.8434,0.4547,0.81264,0.49329,0.80481,0.55873,0.85627,0.45246,0.84923,0.49163,0.81655,0.52405,0.8943,0.47428,0.82607,0.47651,2
1,0.5,0.62658,0.67975,0.5,0.5,0.3519,0,0.5,0.5,0.53797,0.46329,0.5,0.5,0.5,0.5,0.5,0.5,0.5,0.5,0.50379,0.84051,0.4,0.66836,0.4481,0.67848,0.52785,0,0.5,0.5,0.53165,0,0.5,0.5,1
1,0.5,0.90572,0.51857,0.92572,0.49928,0.895,0.50357,0.89786,0.47857,0.93785,0.5,0.92785,0.46643,0.93215,0.50143,0.91429,0.47286,0.905,0.44072,0.88428,0.45786,0.92143,0.475,0.885,0.46571,0.90799,0.45665,0.91285,0.44786,0.90714,0.475,0.91071,0.42429,2
1,0.5,0.81167,0.48255,0.79543,0.5024,0.80205,0.4627,0.81588,0.50482,0.81228,0.4627,0.83514,0.5361,0.81468,0.45788,0.83754,0.54573,0.83574,0.5,0.79483,0.55054,0.7503,0.51565,0.82973,0.57039,0.80232,0.51009,0.75692,0.52226,0.80866,0.49518,0.80686,0.45427,2
1,0.5,0.75,0.5,0.69348,0.55217,0.74565,0.53261,0.73479,0.48044,0.67826,0.43695,0.72826,0.52392,0.75218,0.51304,0.67826,0.59783,0.71087,0.57391,0.71087,0.48696,0.66087,0.44348,0.73696,0.49565,0.70894,0.53454,0.69348,0.51957,0.67609,0.57391,0.72391,0.58696,2
1,0.5,0.81755,0.47806,0.88265,0.51484,0.80716,0.68014,0.82679,0.49769,0.82102,0.54157,0.89723,0.28291,0.86258,0.77482,0.79792,0.56929,0.81755,0.6097,0.81639,0.37298,0.85475,0.57679,0.82332,0.61547,0.84387,0.58852,0.80832,0.53811,0.83158,0.5992,0.84526,0.68361,2
1,0.5,0.97165,0.59979,0.98066,0.70402,0.90257,0.78285,0.78343,0.85415,0.70918,0.91615,0.57469,0.94744,0.52584,0.96841,0.37629,0.91969,0.28595,0.87777,0.24874,0.81282,0.17242,0.75214,0.15575,0.65456,0.11451,0.5781,0.12297,0.47801,0.124,0.4104,0.16534,0.32817,2
1,0.5,0.64536,0.55012,0.61654,0.58647,0.5188,0.67168,0.56015,0.63158,0.53133,0.60652,0.47637,0.56383,0.46834,0.53953,0.46836,0.52048,0.47285,0.50704,0.47917,0.4986,0.48562,0.49412,0.49123,0.49247,0.49557,0.49262,0.4986,0.49375,0.50048,0.49526,0.50145,0.49677,2
1,0.5,0.79229,0.32237,1,0.67669,0.87688,0.49718,0.9126,0.59681,0.75094,0.36184,0.82988,0.53195,0.84869,0.57331,0.86184,0.28665,0.88064,0.52255,0.83459,0.60245,0.92387,0.29512,0.82425,0.47651,0.78418,0.44715,0.7641,0.43327,0.57801,0.43891,0.72384,0.44845,2
1,0.5,0.93556,0.52163,0.89973,0.59149,0.99504,0.64646,0.94727,0.45832,0.94299,0.48986,0.95223,0.36638,0.94705,0.59982,0.94322,0.47679,0.92226,0.49505,0.98941,0.32988,0.89477,0.3745,0.93331,0.45404,0.92983,0.48546,0.89387,0.4795,0.87967,0.60906,0.94119,0.54597,2
1,0.5,0.73392,0.55654,0.7949,0.50333,0.77716,0.53437,0.73947,0.43016,0.76497,0.50665,0.81929,0.41907,0.83925,0.48337,0.77272,0.43238,0.76497,0.47672,0.73947,0.40244,0.75388,0.43238,0.70732,0.39911,0.76965,0.44272,0.79934,0.48559,0.76829,0.44124,0.7816,0.47782,2
1,0.5,0.94058,0.63738,0.86062,0.7144,0.8078,0.81831,0.69412,0.95251,0.54915,0.98064,0.39952,0.946,0.32132,0.8875,0.17443,0.81105,0.10616,0.72767,0.09072,0.59547,0.080285,0.4596,0.10833,0.36822,0.16221,0.27244,0.22634,0.19571,0.34744,0.1665,0.40344,0.12201,2
1,0.5,0.96435,0.66582,0.88084,0.81174,0.74652,0.92133,0.60796,0.97596,0.43022,0.98084,0.26399,0.91795,0.14626,0.82745,0.06263,0.68375,0.04093,0.52797,0.05088,0.36913,0.13016,0.22965,0.24622,0.12633,0.38838,0.06939,0.53905,0.064205,0.6801,0.10972,0.79703,0.19865,2
1,0.5,0.91684,0.65728,0.82771,0.78835,0.67481,0.85339,0.58647,0.89474,0.40512,0.89943,0.29136,0.83271,0.1579,0.73872,0.12638,0.59746,0.1391,0.47557,0.18985,0.35903,0.25418,0.23268,0.36711,0.16993,0.49235,0.15147,0.61354,0.17786,0.7155,0.24397,0.82331,0.34962,2
1,0.5,0.97026,0.49234,0.97085,0.50501,0.97497,0.49264,0.97939,0.4947,0.9732,0.48145,0.98586,0.49117,0.98528,0.48057,0.97732,0.47968,0.97615,0.47645,0.97114,0.48911,0.96408,0.47791,0.96025,0.47762,0.96348,0.47086,0.95171,0.4626,0.95996,0.46378,0.96025,0.4629,2
1,0.5,1,0.58098,1,0.47221,1,0.50687,1,0.43824,1,0.49245,1,0.49134,1,0.46813,1,0.46421,1,0.5295,1,0.44946,1,0.48657,1,0.38511,1,0.46588,1,0.54149,1,0.42903,1,0.46281,2
1,0.5,0.94795,0.69643,0.83065,0.85902,0.6476,0.95412,0.47607,0.97208,0.27138,0.92302,0.1117,0.79256,0.035905,0.62567,0.03859,0.42342,0.11968,0.25798,0.24534,0.11901,0.42552,0.057045,0.60791,0.071485,0.76615,0.15703,0.87423,0.29672,0.91571,0.46486,0.88431,0.63963,2
1,0.5,0.87395,0.5042,0.91656,0.5083,0.91319,0.51235,0.93278,0.5084,0.80252,0.52941,0.89546,0.52365,0.88721,0.52704,0.82353,0.59664,0.92017,0.52101,0.85642,0.53561,0.84447,0.53788,0.83193,0.54202,0.81864,0.54148,0.80673,0.5084,0.79093,0.54378,0.77665,0.54446,2
1,0.5,0.94752,0.48416,0.93762,0.52772,0.94752,0.50693,0.96436,0.51386,0.95643,0.49505,0.9703,0.49208,0.95941,0.51683,0.96832,0.5,0.97128,0.50693,0.95247,0.50396,0.94356,0.49109,0.94654,0.51188,0.94501,0.50806,0.9406,0.50099,0.93663,0.52079,0.93366,0.51188,2
1,0.5,0.93345,0.67975,0.86007,0.83333,0.686,0.91524,0.54323,0.92946,0.37941,0.93061,0.24118,0.83788,0.15643,0.70762,0.1149,0.54949,0.15302,0.43174,0.25256,0.28897,0.33732,0.2116,0.48578,0.20023,0.5768,0.23436,0.66155,0.31456,0.73094,0.40159,0.70478,0.5091,2
1,0.5,0.94782,0.68959,0.83655,0.84719,0.67958,0.94348,0.47903,0.96673,0.30563,0.92207,0.16363,0.81039,0.0866,0.65178,0.06925,0.47318,0.13218,0.32863,0.24111,0.18778,0.38286,0.13072,0.53456,0.13072,0.66765,0.18852,0.76207,0.28957,0.80608,0.41329,0.80036,0.5433,2
1,0.5,1,1,0.6835,0.53079,0.56496,0.96357,0.36207,0.96798,0.34237,0.68843,0.06404,0.68473,0.035715,0.45566,0.30542,0.32882,0.26724,0.08744,0.47291,0.03202,0.62808,0.39778,0.86896,0.27025,0.92735,0.46585,1,1,0.69335,0.50123,0.58879,0.89895,2
1,0.5,1,0.49329,1,0.50783,1,0.49888,1,0.53132,0.98881,0.52237,0.97986,0.51454,1,0.53244,0.9944,0.51678,1,0.51789,0.99888,0.54698,0.97874,0.53692,1,0.55034,0.99994,0.54382,0.99552,0.54251,1,0.55034,1,0.55034,2
1,0.5,0.88023,0.50546,0.93168,0.50129,0.92911,0.50192,0.89994,0.51152,0.90752,0.56034,0.91548,0.50372,0.90908,0.50427,0.91389,0.46513,0.88265,0.51941,0.88489,0.50574,0.87535,0.50616,0.88569,0.49849,0.85443,0.50687,0.83081,0.50425,0.83149,0.50742,0.81944,0.50762,2
1,0.5,0.97351,0.49983,0.96603,0.48386,0.97589,0.48285,0.97792,0.51223,0.97062,0.50883,0.96298,0.52344,0.96977,0.49269,0.97419,0.51002,0.96892,0.50696,0.95703,0.53839,0.94735,0.53074,0.96994,0.51597,0.96244,0.51271,0.9606,0.51121,0.9623,0.50221,0.96348,0.49711,2
1,0.5,0.92355,0.56766,0.86819,0.46925,0.93937,0.5413,0.94464,0.45431,0.89367,0.53339,0.90334,0.49824,0.89631,0.49473,0.92882,0.47715,0.93585,0.48242,0.90861,0.45255,0.85501,0.52197,0.93234,0.42443,0.90573,0.47589,0.89104,0.49649,0.87874,0.46661,0.92882,0.46925,2
1,0.5,0.99769,0.47056,0.92622,0.51153,0.91699,0.31146,1,0.5188,0.92622,0.41123,0.79878,0.27527,0.80268,0.30888,0.92178,0.30729,0.79106,0.33904,0.78486,0.35163,0.68473,0.26321,0.78405,0.24415,0.70539,0.26916,0.60633,0.32955,0.71134,0.22757,0.5932,0.2735,2
1,0.5,1,0.48318,1,0.50243,1,0.43969,0.94483,0.50599,0.86541,0.52673,0.92722,0.50413,0.77296,0.5015,0.91887,0.43178,0.87767,0.4573,0.85444,0.36249,0.71693,0.43969,0.78764,0.2989,0.79492,0.38927,0.7155,0.41318,0.80218,0.3791,0.78022,0.30881,2
1,0.5,0.49068,0.45771,0.5,0.5,0.5,0.5,0.55735,0.36595,0.27169,0.30914,0.5,0.5,0.33172,0.69301,0.31434,0.57509,0.81864,0.61057,0.5,0.5,0.5,0.5,0.42599,0.49337,0.60323,0.48853,0.5,0.5,0.58298,0.62043,0.45896,0.69032,1
1,0.5,1,0.066495,1,0.6114,0.92746,0.30052,1,0.43955,1,0.67573,1,0.53886,1,0.42617,1,0,1,0,0.80916,0.57902,1,0.81174,1,0.41494,1,0.67962,1,0.16753,1,0.94214,1,0.40587,1
1,0.5,0.83532,0.51264,0.83313,0.52516,0.78598,0.59381,0.54388,0.67041,0.81811,0.56066,0.81049,0.57142,0.89319,0.55488,0.79187,0.59076,0.57198,0.70612,0.76944,0.60663,0.7571,0.61313,0.74419,0.61862,0.73084,0.62309,0.71717,0.62653,0.70332,0.62896,1,0.66518,2
0,0.5,1,0,0.5,0.5,0.5,0.5,1,1,1,0,0.14063,1,0.5,0.5,0,1,1,1,0,1,1,0.78125,0,1,1,1,1,0,1,1,1,1,1
1,0.5,1,0.49694,1,0.45083,1,0.46176,1,0.44698,1,0.44464,1,0.30256,1,0.42192,0.96062,0.34058,0.93236,0.32733,0.95847,0.27964,0.9803,0.26567,0.90937,0.29814,0.91341,0.28885,0.87892,0.30885,0.90224,0.29712,0.87177,0.2748,2
1,0.5,1,0.45643,1,0.41368,0.93317,0.091105,0.97408,0.80527,0.97737,0.29309,0.94243,0.34132,0.93968,0.38283,0.90525,0.1891,0.56122,0,0.95142,0.55527,0.81178,0.10726,0.77694,0.08566,0.74068,0.067085,0.70325,0.05163,0.66492,0.03936,0.43329,0,2
1,0.5,1,0.42882,1,0.41872,1,0.38172,1,0.46243,1,0.37495,1,0.36919,1,0.39012,1,0.30697,1,0.26919,1,0.3224,1,0.2017,1,0.26178,0.9941,0.25157,1,0.1209,1,0.12119,1,0.077815,2
1,0.5,1,0,1,1,1,0,1,0,1,0,1,0.4908,1,0,1,1,1,0.072085,1,1,1,0,0.5,0.5,1,1,1,0.1043,1,1,1,1,1
1,0.5,0.94104,0.4268,0.96704,0.44471,0.9605,0.41775,0.94154,0.41482,0.94231,0.34096,0.92634,0.34269,0.91058,0.32038,0.90341,0.33184,0.87621,0.26489,0.85278,0.26423,0.83075,0.24957,0.80649,0.25957,0.78402,0.22685,0.75089,0.20073,0.73538,0.21311,0.71094,0.20957,2
1,0.5,0.85627,0.48702,0.70644,0.38467,0.99009,0.45264,0.99855,0.44882,1,0.44525,0.79483,1,0.91863,0,0.91135,0.41068,0.9038,0.35872,0.37043,0.96365,0.75967,0.52728,0.82747,0.39804,0.96562,0.29346,0.81905,0.39049,0.93068,0.06323,0.38407,0,1
0,0.5,1,1,1,0,0.5,0.5,0.5,0.5,0,0,0.5,0.5,0.5,0.5,0,1,1,1,0,1,0,1,1,0,1,1,0,1,1,1,0.5,0.5,1
0,0.5,0.5,0.5,0.5,0.5,0.5,0.5,1,1,1,1,0.5,0.5,0.5,0.5,0.3125,0,0,0,0.5,0.5,0.5,0.5,0,0,0,0,0,1,1,0.5,0.5,0.5,1
1,0.5,0.99083,0.50437,0.99052,0.48091,0.98782,0.47151,0.97974,0.46515,0.99502,0.47747,0.97357,0.44449,0.96684,0.43605,0.97108,0.44209,0.89841,0.404,0.94137,0.41307,0.93128,0.40631,0.94244,0.40155,0.90907,0.39432,0.89273,0.38068,0.88455,0.38453,0.87162,0.38049,2
1,0.5,0.5,0.5,1,0.75862,0.5,0.5,0.55495,0,0.5,0.5,0.5,0.5,0,0.38793,0.22145,0.083515,0.8847,0.81573,0.5,0.5,0.76724,0.67834,0.04849,0.72414,1,0,0,0.90786,0.5,0.5,0.5,0.5,1
0,0.5,1,1,1,0,0.5,0.5,0.5,0.5,1,1,1,1,0,0,1,0,0,1,0.5,0.5,1,0,1,0,1,1,0,0,0.5,0.5,0.5,0.5,1
1,0.5,1,1,1,1,0.95505,1,0.36515,1,0.08424,1,0,1,0,0.86263,0,0.2111,0,0.28974,0,0,0.23581,0,0.95007,0,1,0,1,0,1,0.32657,1,0.67422,2
1,0.5,1,0.64023,1,0.51238,1,0.53882,1,0.52158,0.99381,0.66633,1,0.52745,1,0.52192,0.97875,0.37701,0.92185,0.45666,1,0.52075,0.99967,0.63688,1,0.30472,0.98207,0.48913,0.93373,0.6168,0.97289,0.38989,0.90177,0.46336,2
1,0.5,1,0.51765,1,0.5914,1,0.63484,1,0.62534,1,0.64389,1,0.69322,1,0.65837,1,0.82851,1,0.76923,1,0.80634,1,0.79729,0.94796,0.84163,0.94751,0.85687,0.92806,0.83574,0.87194,0.92806,0.85746,0.87918,2
1,0.5,0.98043,0.5431,0.9838,0.5964,0.98013,0.63726,0.99022,0.67526,0.96433,0.7314,0.93132,0.76259,0.9141,0.79397,0.86621,0.84532,0.84502,0.8657,0.77236,0.8441,0.74169,0.88099,0.70308,0.87345,0.667,0.91898,0.62472,0.9303,0.56878,0.93417,0.54524,0.93142,2
0,0.5,1,1,0.5,0.5,1,0,1,0,1,1,1,1,1,0,1,1,1,1,1,0,0,0,1,0,1,0,1,1,0.5,0.5,1,0,1
1,0.5,1,0.62084,1,0.74295,1,0.86486,1,1,1,1,1,1,1,0.88564,1,1,1,1,0.87234,1,0.94823,1,0.82314,1,0.69127,1,0.5541,1,0.41315,1,0.093085,1,2
1,0.5,0.84099,0.41343,0.91166,0.60954,0.73321,0.66431,0.62898,0.79152,1,0.42403,0.5053,0.72262,0.5053,0.69434,0.5934,0.70584,0.55283,0.68176,0.52163,0.65373,0.49959,0.62468,0.48569,0.59703,0.47843,0.57241,0.47611,0.55175,0.47708,0.53532,0.47994,0.52293,1
1,0.5,0.6959,0.46829,0.98732,0.52164,1,1,0.6791,0.57649,0.77239,0.5653,0.80784,0.08955,0.78918,0.83955,0.83396,0.44776,0.73321,0.44217,0.82787,0.57396,0.91604,0.72761,0.73508,0.58209,0.74655,0.57315,0.66231,0.48694,0.69559,0.56761,0.67206,0.56378,1
1,0.5,0.83774,0.52264,0.88491,0.44717,0.88679,0.51887,0.83019,0.47736,0.82264,0.50566,0.83396,0.43019,0.86038,0.48868,0.88491,0.54339,0.80944,0.46037,0.87925,0.38113,0.86981,0.42641,0.92453,0.42453,0.86943,0.47099,0.83396,0.51132,0.93207,0.51887,0.86604,0.50377,2
1,0.5,0.98857,0.59525,0.91341,0.7313,0.85885,0.79366,0.73984,0.92139,0.65704,0.96321,0.55144,0.96972,0.43373,0.92145,0.3399,0.95812,0.23928,0.89763,0.15863,0.74754,0.11296,0.66768,0.07312,0.58925,0.08343,0.49321,0.08817,0.4034,0.16356,0.33169,0.20028,0.2515,2
1,0.5,0,0,0.5,0.5,0.75407,0.10749,0.80293,0.6645,0,0.29316,0.5,0.5,0.5,0.5,1,0.36645,0.68241,0.18241,0.98534,0,0,0,1,0.20195,0,0,0,0,1,0,0.5,0.5,1
1,0.5,0.87042,0.52487,0.89537,0.51272,0.89287,0.51897,0.83115,0.54974,0.83901,0.65576,0.87967,0.53674,0.87348,0.54221,0.8534,0.46074,0.81807,0.5,0.8501,0.55678,0.84092,0.56093,0.83508,0.57722,0.82079,0.56804,0.82854,0.58769,0.79879,0.57349,0.78727,0.57557,2
1,0.5,0.55068,0.55405,0.5,0.5,0.5,0.5,0.77365,0.91216,0.65541,1,0.5,0.5,0.5,0.5,0.68581,0,0.66554,0,0.5,0.5,0.5,0.5,0.28716,0,1,0,0.77703,0.38176,0.5,0.5,0.5,0.5,1
1,0.5,0.69643,0.76191,0.10588,0.55671,0.41686,0.11811,0.83333,0.50595,0.91071,0.70238,0.16385,0.65365,0.32601,0.18166,0.73215,0.57738,0.77381,0.52976,0.24085,0.72481,0.26175,0.26203,0.66071,0.85119,0.75985,0.69424,0.78571,0.69643,0.22554,0.35042,0.62721,0.22081,1
1,0.5,0.93444,0.46444,1,0.48753,1,0.46555,0.93889,0.50111,0.91778,0.46778,1,0.46357,1,0.4,0.93444,0.52667,0.94,0.48111,1,0.44237,1,0.40666,0.92222,0.51778,1,0.42919,0.91111,0.42667,1,0.42195,1,0.27889,2
1,0.5,1,0.037735,1,0.87736,0.74528,0.4717,0.81132,0.5,1,0.49973,0.72642,0.53773,0.81132,0.4717,0.99439,0.49957,0.76415,0.5,0.76415,0.53773,0.97595,0.49944,1,0.89623,0.96096,0.49936,0.9717,0,1,0.71698,0.71698,0.44339,2
1,0.5,0.97608,0.53297,0.96807,0.56515,0.95498,0.59576,0.9244,0.25019,0.95012,0.8066,0.88969,0.67164,0.86127,0.68994,0.83072,0.70422,0.97736,0.79931,0.76629,0.72044,0.73386,0.72256,0.7022,0.721,0.67187,0.7161,0.95165,1,0.61703,0.6981,0.59316,0.68595,2
1,0.5,0.5,0.5,0.9946,0.38648,0.59459,0.47297,0.5,0.5,0.96622,0.53648,1,0.4,1,0.53514,1,0.44325,0.5,0.5,1,0.3946,1,0.29189,0.5,0.5,1,0.41216,0.5,0.5,1,0.37027,0.6446,0.42162,1
1,0.5,0.67347,0.60204,0.73469,0.62245,0.70408,0.60204,0.73469,0.72449,0.65306,0.79592,0.56122,0.77551,0.5,0.7551,0.46939,0.77551,0.39796,0.77551,0.35714,0.72449,0.35714,0.66326,0.19388,0.61225,0.26711,0.57447,0.20408,0.59183,0.32653,0.5,0.36735,0.37755,2
1,0.5,1,0.4946,1,0.48649,1,0.46757,0.97568,0.49189,0.9946,0.48379,0.9946,0.54324,1,0.46757,0.97568,0.54595,0.98919,0.49729,1,0.53243,1,0.52162,0.98919,0.54595,0.99278,0.50626,1,0.48379,1,0.51351,1,0.46486,2
1,0.5,0.86207,0.49458,0.89852,0.50542,0.9,0.50099,0.89508,0.50542,0.89212,0.49507,0.91675,0.51626,0.92562,0.50838,0.9005,0.49606,0.89556,0.48522,0.8798,0.51675,0.87389,0.52758,0.86306,0.49261,0.89021,0.50306,0.87045,0.47487,0.91478,0.51478,0.89508,0.50394,2
1,0.5,0.51926,0.51284,0.50214,0.5,0.50999,0.49001,0.5107,0.47503,0.47575,0.49358,0.50714,0.48859,0.5,0.48359,0.47646,0.48574,0.49144,0.51783,0.5107,0.50214,0.52568,0.48859,0.52568,0.50927,0.51997,0.50784,0.50999,0.50357,0.48716,0.49073,0.49286,0.50999,1
1,0.5,0.73545,0.61376,0.71164,0.66799,0.62831,0.73809,0.50926,0.74735,0.48942,0.76984,0.32937,0.65609,0.29365,0.6627,0.24206,0.53439,0.25,0.4418,0.42592,0.42725,0.42592,0.30952,0.3836,0.50133,0.51787,0.3413,0.57937,0.39153,0.62434,0.37831,0.6336,0.52116,2
1,0.5,0.97167,0.69287,0.74131,0.82267,0.60786,0.88757,0.2203,0.82449,0.13162,0.71024,0.11974,0.5,0.18647,0.3446,0.30805,0.18922,0.43601,0.15357,0.74955,0.1819,0.8574,0.3117,0.86928,0.47258,0.80049,0.65192,0.72761,0.80256,0.51371,0.77239,0.39214,0.75228,2
1,0.5,0.5,0.5,0,0,0,1,0.5,0.5,0,1,1,1,1,0,0.5,0.5,0.5,0.5,0,0,0,1,1,0.71875,1,0,0.5,0.5,0,0,0,1,1
0,0.5,0.5,0.5,0.5,0.5,0.5,0.5,0.5,0.5,0.5,0.5,0.5,0.5,0.5,0.5,0.5,0.5,0.5,0.5,0.5,0.5,0.5,0.5,0.5,0.5,1,0.5,0.5,0.5,0.5,0.5,0.5,0.5,1
0,0.5,0,1,1,1,0.5,0.5,1,0,1,0,1,0,0,0,0.5,0.5,0,0,0.5,0.5,0.5,0.5,0,0,1,0,1,1,0,0,0.5,0.5,1
1,0.5,1,0.55883,1,0.61764,1,0.70588,1,0.52941,1,0.61764,1,0.55883,1,0.7353,1,0.47059,1,0.44117,1,0.67647,1,0.70588,1,0.44117,1,0.60113,1,0.52941,1,0.67647,1,0.61764,2
1,0.5,0.95833,0.64583,0.91667,0.41667,0.85417,0.625,0.9375,0.45833,0.95833,0.52084,0.91667,0.5625,0.85417,0.5,0.9375,0.52084,1,0.54166,0.83333,0.45833,0.875,0.58334,0.91667,0.4375,0.91898,0.52751,1,0.60416,0.85417,0.5,0.85417,0.52084,2
1,0.5,1,1,0,1,0,0.08772,0.67324,0.60526,0.73026,0.53509,0.61403,0.52851,0.67544,0.67324,0.86403,0.48026,0.61403,0.76535,0.5,0.5,0.35087,0.41886,1,0.16667,1,0,1,0.3772,0.67544,0.60088,0.91447,0.53948,1
1,0.5,0.96124,0.40276,0.98209,0.41163,0.93512,0.38699,0.90851,0.36465,0.89636,0.35545,0.85151,0.25181,0.81669,0.25016,0.68627,0.14636,0.63535,0.13945,0.70253,0.22914,0.66755,0.20154,0.57375,0.182,0.54656,0.20205,0.46419,0.22536,0.4908,0.22963,0.46271,0.26051,2
1,0.5,0.92088,0.7173,0.75,0.8808,0.54958,0.9673,0.31118,0.94093,0.13819,0.8059,0.03059,0.59705,0.066455,0.37237,0.18566,0.17194,0.37448,0.07173,0.58122,0.06751,0.75738,0.16561,0.87448,0.35548,0.88969,0.53966,0.82068,0.71413,0.65718,0.81224,0.49789,0.84705,2
1,0.5,1,0.45238,0,0,0,0,1,0.65873,0.90675,0.88095,0,0,0,1,0.73682,1,1,1,0.8442,0,0,0,0.91468,0.68254,1,1,1,0.75397,0,0.3373,0,0.86416,1
1,0.5,0.96835,0.49905,0.8038,0.71602,0.96157,0.29936,0.96562,0.58414,0.98098,0.54531,0.99838,0.54086,0.95793,0.52548,0.92314,0.37338,0.9369,0.42759,0.92436,0.63067,0.8754,0.48179,0.92274,0.48706,0.93646,0.48849,0.99272,0.54692,0.89159,0.44903,0.92921,0.42638,2
1,0.5,0.68438,0,0,0,0.4617,1,1,0.9752,0.87299,0.30645,0,0.10343,0.45161,1,0.74342,0.73251,0.65877,0.36269,0.42829,0.39906,0.44012,0.53448,0.51511,0.53319,0.51721,0.49407,0.49799,0.49164,0.49619,0.50054,0.50008,0.50162,1
0,0.5,0.5,0.5,0.5,0.5,0.5,0.5,0.5,0.5,0.5,0.5,1,1,1,1,1,0,0.5,0.5,1,1,1,0,1,1,1,0.5,1,1,1,0,0.5,0.5,1
1,0.5,0.5,0.5,0.5,0.5,0.5,0.5,0.075,0,0.5,0.5,1,0,0.5,0.5,0,0,0,0,1,0,0.2,0,1,1,0,0.4,1,0,0.5,1,0.5,0.5,1
1,0.5,1,0.57143,1,0.85715,1,0.85715,1,0.42857,0.92857,0.42857,1,0.51267,1,0.5,0.71429,0.42857,1,0.51809,1,0.35714,1,0.5,0.64285,0.35714,1,0.52446,1,0.52591,1,0.78571,1,0.5,2
0,0.5,1,1,1,0,1,0,1,1,0.5,0.5,1,0,0.5,0.5,0.5,0.5,0.5,0.5,0,1,1,1,0.5,0.5,1,1,0.5,0.5,0,0,0.5,0.5,1
0,0.5,0.5,0.5,1,1,1,1,0.5,0.5,0.5,0.5,0,0,0.5,0.5,0,0,0.5,0.5,0.5,0.5,1,1,0.5,0.5,1,1,0.5,0.5,0,1,0.5,0.5,1
1,0.5,0.94402,0.69069,0.82963,0.84715,0.64574,0.93946,0.46637,0.95067,0.30202,0.9022,0.17713,0.78251,0.0852,0.63453,0.1053,0.45898,0.1861,0.34529,0.26682,0.22197,0.41775,0.17831,0.54781,0.19472,0.65203,0.25804,0.71613,0.35081,0.73514,0.4527,0.71076,0.56278,2
1,0.5,0.86762,0.30854,0.90075,0.55139,0.89413,0.57633,0.7779,0.52626,1,0.60613,0.85974,0.64477,0.84399,0.66463,0.74836,0.58644,0.82166,0.48578,0.787,0.71264,0.7656,0.72436,0.97265,0.78774,0.72087,0.741,0.56237,1,0.67535,0.7486,0.65294,0.74916,2
1,0.5,0.53202,0.42364,0.47784,0.52955,0.54187,0.48768,0.49261,0.59359,0.53202,0.5,0.56158,0.45074,0.52955,0.5,0.50985,0.48522,0.43596,0.39655,0.53448,0.50739,0.53448,0.51478,0.53941,0.58128,0.6404,0.47537,0.47045,0.4532,0.52216,0.52709,0.53695,0.44582,1
1,0.5,0.71354,0.25,0.5,0.5,0.5,0.5,0.73229,0.75521,0.79479,0.51041,0.5,0.5,0.5,0.5,0.58229,0.27292,0.79584,0.40834,0.5,0.5,0.5,0.5,0.99375,0.29583,0,0,0.36042,0.12188,0.5,0.5,0.5,0.5,1
1,0.5,0.94427,0.50816,0.96003,0.50653,0.96221,0.50679,0.94589,0.44888,0.95051,0.45786,0.9652,0.49484,0.96547,0.45541,0.93012,0.47471,0.94725,0.47988,0.94209,0.43937,0.94454,0.44045,0.9149,0.42931,0.93227,0.44096,0.92768,0.43474,0.91762,0.43774,0.93393,0.43883,2
1,0.5,0.5,0.5,0.5,0.5,0.5,0.5,0.5,0.5,0.5,0.5,0,1,1,0.77586,0.5,0.5,0.5,0.5,0.5,0.5,0.5,0.5,0.5,0.5,1,1,0.5,0.5,0.5,0.5,0.5,0.5,1
1,0.5,0.5,0.5,0.5,0.5,1,1,0,0,0.5,0.5,1,0.44444,0.5,0.5,0.5,0.5,0,1,1,1,1,0,0.5,0.5,1,0,0.5,0.5,0.5,0.5,1,1,1
1,0.5,0.87224,0.48805,0.85386,0.51655,0.86122,0.58456,0.89614,0.53861,0.90717,0.71967,0.81893,0.50275,0.85386,0.60845,1,0.53033,0.80514,0.52573,0.83732,0.52114,0.76011,0.375,0.86489,0.42095,0.80863,0.53562,0.65441,0.5432,0.77958,0.53729,0.80147,0.60845,2
1,0.5,0.92422,0.53397,0.90281,0.48851,0.88516,0.48351,0.83363,0.4669,0.79791,0.46167,0.8363,0.47114,0.8213,0.46781,0.696,0.52265,0.85627,0.50697,0.77985,0.45981,0.76715,0.45774,0.73519,0.38589,0.7433,0.45436,0.76306,0.45732,0.72138,0.45189,0.71111,0.45096,2
1,0.5,0.80339,0.48644,0.83559,0.52034,0.76441,0.47796,0.75254,0.51865,0.85254,0.46102,0.78983,0.48983,0.7661,0.53899,0.82034,0.55932,0.78475,0.48813,0.7661,0.50339,0.85763,0.48305,0.76441,0.48305,0.78631,0.50375,0.79322,0.4983,0.79492,0.48644,0.75084,0.5339,2
1,0.5,0.74757,0.54854,0.64806,0.52912,0.67475,0.5,0.78641,0.48786,0.79126,0.51214,0.66748,0.52427,0.76214,0.50243,0.73544,0.4466,0.71602,0.50243,0.67475,0.52912,0.59466,0.62864,0.65534,0.42475,0.68273,0.51907,0.6966,0.58738,0.63107,0.5,0.6869,0.49029,2
1,0.5,0.99411,0.51094,0.96551,0.6705,0.91952,0.67611,0.87353,0.74453,0.86792,0.7594,0.77538,0.8009,0.71565,0.83119,0.659,0.85221,0.64189,0.84437,0.53758,0.86848,0.53169,0.85642,0.41756,0.84857,0.41722,0.80255,0.41895,0.77903,0.32642,0.72098,0.33259,0.68732,2
1,0.5,0.98952,0.57905,0.95056,0.67619,0.91019,0.7428,0.8588,0.82444,0.79414,0.86872,0.70175,0.91578,0.6257,0.92402,0.5235,0.92738,0.43904,0.89875,0.3691,0.90377,0.31083,0.85838,0.24483,0.79162,0.21207,0.7302,0.1905,0.65398,0.17123,0.59173,0.17933,0.51484,2
1,0.5,0.9985,0.60838,0.95983,0.73515,0.88451,0.81207,0.76656,0.8906,0.68387,0.94145,0.55053,0.91656,0.46586,0.94637,0.35866,0.86037,0.28146,0.80844,0.22115,0.7406,0.175,0.67767,0.17671,0.57954,0.16674,0.51138,0.17564,0.43269,0.22692,0.38526,0.26399,0.32484,2
1,0.5,0.94917,0.67578,0.83666,0.81117,0.71949,0.97176,0.48179,0.90255,0.38581,0.87667,0.37432,0.74408,0.21311,0.64207,0.16625,0.55295,0.26321,0.46903,0.09472,0.46995,0.33402,0.26204,0.43551,0.2319,0.53579,0.24038,0.6216,0.28261,0.68293,0.34971,0.71403,0.56649,2
1,0.5,0.9704,0.55966,0.92869,0.50519,0.92562,0.50773,0.88483,0.49861,0.92229,0.55458,0.91644,0.51514,0.9134,0.51753,0.87419,0.50972,0.90009,0.51202,0.90431,0.5245,0.90129,0.52676,0.88668,0.5111,0.89529,0.53117,0.92969,0.54626,0.88932,0.53545,0.88634,0.53754,2
1,0.5,0.91739,0.64497,0.84628,0.73851,0.74617,0.84191,0.60996,0.9338,0.45952,0.92505,0.32221,0.88841,0.23633,0.79212,0.14825,0.65646,0.12089,0.5197,0.14387,0.42341,0.20843,0.30416,0.314,0.23523,0.41525,0.19568,0.54212,0.19256,0.62582,0.25766,0.70295,0.32331,2
1,0.5,0.99228,0.48632,0.99029,0.47948,1,0.46182,0.9936,0.50728,0.97639,0.48698,0.9925,0.46271,0.99691,0.46425,0.98698,0.45234,0.98632,0.43888,0.99647,0.47374,0.97639,0.45543,0.98676,0.4583,0.98327,0.43544,0.96735,0.42542,0.98566,0.42123,0.98389,0.406,2
1,0.5,0.76271,0.48305,0.97457,0.54238,0.76271,0.41525,0.65254,0.49152,0.75423,0.43221,0.82204,0.64407,0.91525,0.32203,0.77119,0.50848,0.77966,0.51695,0.79661,0.65254,0.9322,0.52543,0.70339,0.57627,0.83644,0.49867,0.83051,0.48305,0.91525,0.42373,0.88135,0.44915,2
1,0.5,0.66667,0.375,0.72222,0.61111,0.69444,0.58334,0.70833,0.56944,0.75,0.44444,0.77455,0.45778,0.79167,0.66667,0.77778,0.51389,0.625,0.40278,0.73611,0.47222,0.76389,0.48611,0.69444,0.54166,0.70771,0.42872,0.59722,0.43056,0.68462,0.42595,0.54166,0.25,2
1,0.5,0.75604,1,1,0.76905,0.85589,0.90416,0.72811,0.73213,0.66541,1,0.60625,1,0.41292,1,0.33459,0.99361,0.19309,1,0.23663,0.8585,0.0575,0.73947,0,0.67588,0,0.54785,0,0.41643,0,0.28887,0.040485,0.17222,2
1,0.5,0.96218,0.68462,0.85988,0.8421,0.64651,0.97039,0.44446,0.88264,0.34198,0.96226,0.16692,0.89383,0.039275,0.71157,0.028425,0.54792,0,0.51596,0.16785,0.16861,0.26995,0.10913,0.43257,0.05959,0.59882,0.074315,0.74452,0.14876,0.84943,0.26976,0.88033,0.43403,2
1,0.5,0.69697,0.37879,0.81327,0.50635,0.72728,0.54546,0.81818,0.54546,0.60606,0.39394,0.78788,0.57576,0.69697,0.5,0.78078,0.5228,0.75757,0.51515,0.89394,0.59091,0.65152,0.42424,0.74263,0.52965,0.73181,0.53071,0.66667,0.48485,0.70928,0.53205,0.69697,0.62121,2
1,0.5,0.94055,0.5,0.97408,0.48628,0.96799,0.4939,0.95122,0.50914,0.95122,0.50914,0.96951,0.50457,0.97866,0.50152,1,0.51372,0.97103,0.4939,0.95427,0.51219,0.95732,0.52744,0.99848,0.52439,0.94833,0.51113,0.95427,0.50457,1,0.52744,0.98781,0.4939,2
1,0.5,0.87234,0.55319,0.94353,0.50491,0.94271,0.50736,0.93617,0.49291,0.86525,0.55319,0.93829,0.51456,0.93617,0.51691,0.97873,0.539,0.97518,0.52128,0.92799,0.52372,0.92466,0.52589,0.93617,0.55674,0.91714,0.53007,0.87234,0.48227,0.90855,0.534,0.90387,0.53587,2
1,0.5,0.98757,0.50355,0.9929,0.50977,1,0.50977,0.99645,0.50799,0.97869,0.51155,0.98579,0.51776,1,0.51865,0.98934,0.51065,0.9929,0.52842,0.98579,0.52398,0.97247,0.52753,0.99201,0.51776,0.9877,0.53238,0.97425,0.54085,0.99556,0.53109,0.99467,0.54973,2
1,0.5,1,0.50553,1,0.50553,1,0.5116,0.99724,0.49282,0.99724,0.49889,0.99172,0.5116,1,0.50442,0.98784,0.50387,0.98951,0.50828,0.99006,0.50331,0.99061,0.5105,0.98564,0.49668,0.99016,0.508,0.98951,0.50774,0.99282,0.5105,0.99337,0.51381,2
1,0.5,0.95073,0.70893,0.82066,0.87862,0.6522,0.97574,0.39775,0.98267,0.22258,0.90596,0.090715,0.75474,0.01507,0.55173,0.04272,0.34294,0.14919,0.17269,0.33823,0.055005,0.52933,0.02914,0.72242,0.08923,0.87052,0.22385,0.94708,0.40637,0.93946,0.60179,0.85278,0.77426,2
1,0.5,0.66395,0.55521,0.57985,0.64654,0.5701,0.87243,0.37435,0.95996,0.41748,0.63332,0.18143,0.62433,0.01175,0.49832,0.38387,0.40046,0.34739,0.25557,0.42787,0.050045,0.54673,0.35542,0.64153,0.4072,0.698,0.44251,0.65502,0.52807,0.60722,0.6027,0.56688,0.63211,2
1,0.5,0.67673,0.43116,0.84693,0.48789,0.84098,0.48213,0.77859,0.46941,0.80918,0.44766,0.81049,0.46737,0.7968,0.46355,0.71135,0.36796,0.79107,0.52496,0.74868,0.45615,0.7312,0.45505,0.72504,0.49718,0.69573,0.45481,0.67794,0.44847,0.66116,0.45681,0.64472,0.4585,2
1,0.5,0.91754,0.54149,0.86869,0.42647,0.92175,0.47217,0.9522,0.47689,0.94695,0.56565,0.90599,0.53361,0.89654,0.45536,1,0.4895,0.9832,0.53309,0.93802,0.50577,0.8876,0.53309,0.97689,0.47899,0.91739,0.50062,1,0.56407,0.9333,0.44643,0.95273,0.47847,2
