0.73913,0.50833,0.5,0,0,0.011407,0.00026889,0.01118,5.6103e-05,0.046476,0.060778,0.051546,0.02728,0.91791,0.16706,0.43643,0.055965,0.53858,0.3558,1
0.13043,0.525,0.5,0,0,0.01711,0.00016806,0.024845,0.00034196,0.040795,0.056726,0.04271,0.023383,0.93097,0.15059,0.44972,0.051546,0.57363,0.38611,1
0.059289,0.4875,0.5,0,0,0.01711,7.8427e-05,0.014907,0.00022441,0.03873,0.050243,0.044183,0.021824,0.90112,0.16706,0.45351,0.047128,0.56151,0.34556,1
0.098814,0.23333,0.5,0.33333,0,0.034221,0.00089631,0.054658,0.0022976,0.13943,0.14263,0.17158,0.1021,0.81157,0.31882,0.29981,0.17158,0.43694,0.23855,1
0.051383,0.4125,0.5,0,0,0.058935,0.0053965,0.059627,0.00073736,0.12497,0.13776,0.14212,0.09431,0.88246,0.24353,0.34915,0.14212,0.36885,0.28524,1
0.086957,0.18333,0.5,0,0,0.076046,0.0037048,0.039752,0.00056638,0.16344,0.15802,0.20619,0.12315,0.7444,0.37529,0.27704,0.20619,0.43507,0.21371,1
0.77075,0.49167,0.5,0,0,0.028517,0.00043695,0.014907,0.00012824,0.044152,0.057536,0.048601,0.0265,0.91231,0.16353,0.44782,0.054492,0.54012,0.35446,1
0.57312,0.47083,0.5,0,0,0.01711,0.00016806,0.0086956,7.7476e-05,0.042086,0.054295,0.048601,0.023383,0.90485,0.17294,0.44023,0.05081,0.56349,0.33902,1
0.086957,0.30833,0.5,0,0,0.04943,0.0010606,0.039752,0.00069461,0.12523,0.13776,0.14507,0.091972,0.8806,0.25647,0.33017,0.14507,0.39975,0.27823,1
0.12648,0.575,0.5,0,0,0.019011,0.00025395,0.016149,0.00010954,0.037955,0.029984,0.057437,0.024942,0.76679,0.23412,0.48197,0.057437,0.57834,0.1777,1
0.31225,0.35,0.5,0,0,0.041825,0.0010158,0.021118,0.00039807,0.14924,0.15559,0.17673,0.1138,0.83022,0.29882,0.31309,0.17673,0.39044,0.24793,1
0.37549,0.30417,0.5,0,0,0.051331,0.0012884,0.036025,0.0016484,0.16628,0.1718,0.19882,0.12627,0.81903,0.32706,0.27894,0.19882,0.39879,0.24264,1
0.5415,0.50833,0.5,0,0,0.022814,0.00044816,0.026087,0.00015228,0.044926,0.056726,0.052283,0.025721,0.90112,0.17765,0.43643,0.054492,0.5582,0.33014,1
0.47431,0.425,0.5,0,0,0.058935,0.0015424,0.065838,0.0011034,0.14123,0.14587,0.16863,0.10756,0.8209,0.29647,0.32638,0.16863,0.39659,0.24486,1
0.37154,0.19167,0.5,0,0,0.062738,0.0034396,0.047205,0.0012396,0.18332,0.1799,0.22828,0.13874,0.75187,0.39059,0.24478,0.22828,0.42569,0.21911,1
0.54941,0.058333,0.5,0,0,0.03422,0.0014789,0.024845,8.549e-05,0.89233,0.859,0.9433,0.86906,0.31903,0.58706,0.36812,0.9433,0.1725,0.11577,2
0.64822,0.36667,0.5,0,0,0.030418,0.00047803,0.017391,0.00034196,0.65117,0.57618,0.78203,0.58379,0.10821,0.91294,0.056926,0.78203,0.33042,0.14042,2
0.61265,0.0875,0.5,0,0,0.026616,0.00016433,0.058385,0.00075071,0.95017,0.94652,0.96981,0.93141,0.5056,0.45059,0.39848,0.96981,0.11306,0.12816,2
0.079051,0.32917,0.5,0,0,0.022814,4.4815e-05,0.017391,0.00040608,0.79112,0.77229,0.85199,0.74357,0.45149,0.61059,0.19545,0.85199,0.1797,0.15887,2
0.47826,0,0.5,0,0,0.034221,0.00031371,0.064596,0.003644,1,0.99838,1,1,0.50373,0.36824,0.53321,1,0.092773,0.087722,2
0.16996,0.28333,0.5,0,0,0.015209,0.00034714,0.017391,0.00029119,0.7511,0.68476,0.83873,0.72097,0.13619,0.72941,0.32448,0.83873,0.25808,0.11184,2
0.59684,0.029167,0.5,0,0,0.026616,0.00045923,0.012422,0.00019632,0.78156,0.70908,0.86451,0.76228,0.083955,0.71412,0.40228,0.86451,0.25467,0.098914,2
0.47036,0.2625,0.5,0,0,0.011407,8.9632e-05,0.01118,5.6104e-05,0.71004,0.64992,0.81664,0.65394,0.19216,0.81059,0.13662,0.81664,0.27678,0.13827,2
0.71146,0.066667,0.5,0,0,0.024715,0.00046683,0.01118,0.00018434,0.96256,0.96677,0.97128,0.94778,0.55597,0.40118,0.42694,0.97128,0.096263,0.13089,2
0.88933,0.3,0.5,0,0,0.030418,0.00052285,0.023602,0.00036601,0.63181,0.54376,0.77467,0.5643,0.024254,0.96588,0.056926,0.77467,0.36206,0.13516,2
0.36364,0.075,0.5,0,0,0.041825,0.0012399,0.031056,0.0011354,0.89569,0.86791,0.94624,0.8675,0.35634,0.58588,0.33207,0.94624,0.16648,0.12531,2
0.40316,0.22083,0.5,0,0,0.022814,0.00070504,0.029814,0.00066286,0.75833,0.70259,0.83652,0.72798,0.20709,0.68588,0.32258,0.83652,0.2368,0.11562,2
0.68379,0.1625,0.5,0,0,0.034221,0.00076646,0.021118,0.00068712,0.74903,0.69044,0.83358,0.71473,0.1903,0.71412,0.29412,0.83358,0.24734,0.11867,2
0.26087,0.0875,0.5,0,0,0.032319,0.0010717,0.039752,0.00094561,0.87994,0.83955,0.94256,0.85113,0.27425,0.64,0.32827,0.94256,0.19063,0.11927,2
0.17391,0.325,0.5,0,0,0.026616,0.00034359,0.017391,0.00034196,0.016008,0.00081037,0.04271,0.0023383,0.72388,0.26353,0.47818,0.04271,0.98611,0.15449,3
0.067194,0.31667,0.5,0,0,0.053232,0.001979,0.042236,0.0012601,0.020398,0.0089141,0.037555,0.01325,0.74813,0.21882,0.52562,0.037555,0.86277,0.13677,3
0.20158,0.37917,0.5,0,0,0.024715,0.00051164,0.018634,0.00040875,0.020139,0.0048622,0.041973,0.011691,0.72201,0.24118,0.51613,0.041973,0.89974,0.13136,3
0.26877,0.53333,0.5,0,0,0.096958,0.0017881,0.047205,0.0012038,0.126,0.11669,0.14948,0.1099,0.72948,0.27412,0.45541,0.15832,0.38661,0.22518,3
0.031621,0.2875,0.5,0,0,0.10076,0.013867,0.37267,0.051583,0.16473,0.12642,0.20987,0.15355,0.51679,0.38706,0.48956,0.20987,0.51425,0.10285,3
0.019763,0.29167,0.5,0,0.5,0.14068,0.0088137,0.12795,0.020563,0.087013,0.055916,0.12518,0.076383,0.59142,0.33529,0.49715,0.12518,0.62816,0.11006,3
0.067194,0.32917,0.5,0,0,0.036122,0.0003772,0.014907,0.0001603,0.019623,0.0040519,0.045655,0.0070148,0.72015,0.26118,0.48577,0.045655,0.92615,0.14771,3
0.26482,0.38333,0.5,0,0,0.022814,0.0005826,0.024845,0.00069461,0.014975,0.00081037,0.037555,0.0046765,0.73134,0.24353,0.50285,0.037555,0.98765,0.14416,3
0.17391,0.40417,0.5,0,0.5,0.87262,0.012902,0.60994,0.011491,0.34728,0.3047,0.40501,0.32658,0.4291,0.49059,0.41176,0.40501,0.35898,0.11478,3
0.26087,0.52083,0.5,0,0,0.23004,0.0037393,0.059627,0.0023062,0.10818,0.06564,0.16789,0.085737,0.5056,0.44353,0.40987,0.16789,0.66081,0.12367,3
0.90909,0.47083,0.5,0,0,0.11787,0.015088,0.040994,0.0046406,0.020914,0.010535,0.039028,0.011691,0.7556,0.22353,0.51044,0.039028,0.89537,0.15533,3
0.40316,0.475,0.5,0,0,0.032319,0.00083467,0.018634,0.00049859,0.012393,0.0032415,0.025773,0.0070148,0.76679,0.19882,0.5389,0.025773,0.92381,0.13541,3
0,0.29167,0.5,0,0,0.41635,0.26969,0.20621,0.14813,0.14872,0.10211,0.2025,0.1364,0.46455,0.42471,0.48197,0.2025,0.59528,0.1017,3
0.54941,0.475,0.5,0,0,0.022814,0.00022408,0.059627,0.002725,0.027369,0.011345,0.051546,0.017147,0.71455,0.25412,0.50285,0.051546,0.8532,0.13597,3
0.49802,0.55,0.5,0,0,0.051331,0.00012324,0.019876,0.00043814,0.029176,0.006483,0.062592,0.015588,0.66791,0.29882,0.47818,0.062592,0.91538,0.13208,3
0.75099,0.45,0.5,0,0,0.038023,0.0013047,0.021118,0.00055701,0.27782,0.26418,0.31959,0.2463,0.65112,0.39765,0.33586,0.31959,0.27172,0.17429,4
0.25692,0.62083,0.5,0,0,0.10266,0.0040782,0.062112,0.0003099,0.15931,0.1329,0.20913,0.13172,0.60075,0.40824,0.37002,0.20913,0.42601,0.15201,4
0.77866,0.48333,0.5,0,0,0.08365,0.0044218,0.1913,0.042948,0.28402,0.27715,0.31959,0.25253,0.6959,0.36941,0.33586,0.31959,0.249,0.19068,4
0.75099,0.375,0.5,0,0,0.038023,0.00078587,0.024845,0.00085574,0.31397,0.28444,0.3785,0.27358,0.52985,0.51529,0.26945,0.3785,0.32273,0.15946,4
0.59289,0.325,0.5,0,0,0.28707,0.0046155,0.016149,0.00028109,0.22102,0.19935,0.27172,0.18784,0.61381,0.42706,0.32638,0.27172,0.35127,0.16748,4
0.6917,0.37083,0.5,0,0,0.06654,0.00078054,0.032298,0.0004702,0.38601,0.3671,0.4433,0.34295,0.58022,0.49765,0.24668,0.4433,0.26862,0.17426,4
0.46245,0.47917,0.5,0,0,0.022814,0.00040334,0.040994,0.0015308,0.1433,0.1175,0.18999,0.11847,0.61007,0.38941,0.39089,0.18999,0.43708,0.14864,4
0.85375,0.57083,0.5,0,0,0.070342,0.0025732,0.023602,0.00036601,0.20269,0.1564,0.27541,0.16991,0.44963,0.52824,0.33017,0.27541,0.48377,0.13535,4
0.051383,0.5625,0.5,0.33333,0,0.030418,0.00047803,0.024845,0.00053432,0.073845,0.058347,0.10383,0.056898,0.70336,0.29294,0.45161,0.10383,0.48786,0.15701,4
0.50988,0.0875,0.5,0,0,0.038023,0.0010558,0.018634,0.00060351,0.41467,0.39546,0.46981,0.37412,0.56903,0.49412,0.26376,0.46981,0.249,0.16817,4
0.58893,0.6125,0.5,0,0,0.074145,0.001647,0.031056,0.00030189,0.058869,0.051053,0.081001,0.042868,0.76119,0.25176,0.4592,0.081001,0.50309,0.18479,4
0.64032,0.2375,0.5,0,0,0.062738,0.0022296,0.034783,0.00069461,0.39582,0.37925,0.45214,0.35152,0.59328,0.49529,0.23719,0.45214,0.26505,0.17793,4
0.73518,0.2875,0.5,0,0,0.045627,0.00071705,0.029814,0.00051294,0.28247,0.27553,0.31591,0.25331,0.6959,0.35882,0.35294,0.31591,0.24473,0.18492,4
0.54941,0.25833,0.5,0,0,0.058935,0.00083467,0.017391,0.000724,0.32275,0.33306,0.33873,0.2954,0.80224,0.28471,0.36433,0.33873,0.17616,0.22875,4
0.92885,0.44167,0.5,0,0,0.026616,0.00040706,0.028571,0.00053585,0.31991,0.28849,0.38733,0.27825,0.51493,0.53059,0.25996,0.38733,0.33048,0.15859,4
0.43874,0.32917,0.5,0,0,0.25285,0.0070036,0.028571,0.00063464,0.45443,0.42058,0.52872,0.40764,0.45522,0.59529,0.21632,0.52872,0.27835,0.15703,4
0.7747,0.45833,0.5,0,0,0.74144,0.017508,0.021118,0.0006526,0.28608,0.2731,0.32769,0.25409,0.65299,0.39882,0.33207,0.32769,0.28058,0.17604,4
0.55336,0.025,0.5,0.33333,1,0.12738,0.0044865,0.1118,0.0016728,0.31087,0.29417,0.35788,0.2767,0.6194,0.43059,0.31499,0.35788,0.26819,0.17025,4
0.74308,0.54167,0.5,0,0,0,0,0,1.1469e-11,0,0,0,0,0.83396,0.13176,0.57875,0,0,0.51105,5
0.82609,0.59167,0.5,0,0,0,0,0,1.1469e-11,0,0,0,0,0.83396,0.13176,0.57875,0,0,0.51105,5
0.95652,0.34583,0.5,0,0,0.022814,0.00031371,0.0049689,2.1373e-05,0.0082623,0.0016207,0.021355,0.00077942,0.78545,0.19647,0.52372,0.021355,0.97778,0.16334,5
0.90119,0.3875,0.5,0,0,0.01711,0.0005523,0.063354,0.0014724,0.13788,0.11912,0.17305,0.11847,0.66045,0.33294,0.43074,0.17305,0.37553,0.15001,5
0.20949,0.50833,0.5,0,0,0.053232,0.0010158,0.01118,0.00024846,0.037439,0.026742,0.059647,0.024162,0.74813,0.24706,0.48008,0.059647,0.63047,0.16724,5
0.6166,0.30833,0.5,0,0,0.041825,0.0012516,0.0049689,0.00012416,0.13194,0.10616,0.1782,0.10756,0.61381,0.38471,0.39469,0.1782,0.45902,0.14828,5
0.37549,0.34583,0.5,0,0,0.024715,0.00028757,0.0099379,0.0003099,0.14098,0.11669,0.19072,0.11146,0.62127,0.40353,0.35674,0.19072,0.45155,0.16104,5
0.59684,0.6,0.5,0,0,0.01711,0.00061621,0.24099,0.095077,0.050865,0.038898,0.072901,0.038971,0.73507,0.24941,0.48956,0.072901,0.5,0.15589,5
0.81818,0.095833,0.5,0,0,0.058935,0.0017454,0.0099379,0.000362,0.1007,0.078606,0.13918,0.08106,0.64925,0.34,0.43074,0.13918,0.47996,0.14803,5
0.48221,0.5875,0.5,0,0,0,0,0,1.1469e-11,0,0,0,0,0.83396,0.13176,0.57875,0,0,0.51105,5
0.87747,0.2125,0.5,0,0,0.011407,0.00030063,0.0099379,0.000362,0.044926,0.029984,0.075847,0.0265,0.71642,0.29059,0.44213,0.075847,0.67037,0.16712,5
0.88538,0.19583,0.5,0,0,0.011407,0.00042516,0.0099379,0.00024833,0.058094,0.040519,0.09352,0.037412,0.69403,0.31529,0.42505,0.09352,0.62222,0.16379,5
0.99209,0.525,0.5,0,0,0.030418,0.00054888,0.013665,0.00051382,0.005164,0.0024311,0.011782,0.00077942,0.81343,0.16471,0.54649,0.011782,0.75,0.17402,5
0.94071,0.34167,0.5,0,0,0.11787,0.013609,0.023602,0.00062248,0.10044,0.072123,0.15169,0.073266,0.60634,0.40118,0.37571,0.15169,0.577,0.15221,5
0.99209,0.79167,0.5,0,0,0.15779,0.005541,0.12422,0.0041803,0.28092,0.26094,0.32474,0.25331,0.60634,0.40824,0.36433,0.32474,0.27537,0.14578,6
0.33992,0.77083,0.5,0.33333,0,0.045627,0.00087649,0.049689,0.0012038,0.42938,0.40113,0.50147,0.37958,0.50187,0.57882,0.19545,0.50147,0.28753,0.16711,6
0.011858,0.79167,0.5,0,1,0.093156,0.0016929,0.11677,0.0022538,0.37439,0.3436,0.44551,0.32814,0.50187,0.56118,0.22391,0.44551,0.30886,0.16267,6
0.9249,0.77083,0.5,0,0,0.057034,0.0013445,0.049689,0.00082828,0.32946,0.3047,0.38807,0.29072,0.55784,0.49059,0.28083,0.38807,0.29424,0.16277,6
0.98419,0.6875,0.5,0,0.5,0.055133,0.0010717,0.077019,0.0012229,0.37413,0.3436,0.44845,0.32424,0.50373,0.57647,0.19734,0.44845,0.31814,0.16652,6
0.6996,0.725,0.5,0,0,0.089354,0.0018215,0.069565,0.0016425,0.34185,0.32091,0.40206,0.29774,0.58022,0.50118,0.24099,0.40206,0.30004,0.17426,6
0.90119,0.76667,0.5,0,0,0.14259,0.0022969,0.091925,0.0016213,0.33256,0.30956,0.39028,0.29306,0.56903,0.48706,0.27514,0.39028,0.29028,0.16645,6
0.33597,0.75833,0.5,0,0,0.11217,0.001666,0.049689,0.0013052,0.42809,0.39141,0.50736,0.3788,0.44403,0.61294,0.19924,0.50736,0.29958,0.15693,6
0.27668,0.70417,0.5,0.33333,0,0.041825,0.00056766,0.067081,0.0013465,0.15569,0.13371,0.14212,0.19096,0.63246,0.10353,0.82922,0.18041,0.32738,0.923,7
0.34783,0.875,0.5,0,0,0.047529,0.0014976,0.032298,0.0011434,0.098115,0.077796,0.082474,0.13406,0.66231,0.08,0.83681,0.12666,0.44601,0.90007,7
0.027668,0.78333,0.5,0,0,0.057034,0.0007954,0.031056,0.00051382,0.10457,0.097245,0.078056,0.13952,0.75,0.029412,0.82922,0.13181,0.40888,0.83092,7
0.64032,0.64583,0.5,0,0,0.060836,0.0011055,0.054658,0.00075873,0.11825,0.089951,0.10825,0.15588,0.60075,0.11176,0.8482,0.14728,0.44621,0.93341,7
0.0039526,0.975,0.5,0,0,0.064639,0.002181,0.070807,0.0023644,0.044668,0.045381,0.039764,0.049104,0.82463,0.11882,0.60911,0.047865,0.19105,0.80596,7
0.24506,0.87083,0.5,0,0,0.10456,0.01539,0.081988,0.0043921,0.057062,0.047812,0.04271,0.08106,0.75187,0.076471,0.75142,0.076583,0.48672,0.86245,7
0.4585,0.8875,0.5,0,0,0.10456,0.002581,0.068323,0.0021795,0.14123,0.11264,0.11782,0.1933,0.59142,0.052941,0.95256,0.18262,0.44152,0.89787,7
0.917,0.83333,0.5,0.33333,0,0.091255,0.0061397,0.037267,0.0012503,0.10767,0.090762,0.10088,0.13094,0.68284,0.12471,0.74383,0.12371,0.33542,0.93998,7
0.24506,0.79167,0.5,0,0,0.04943,0.00092619,0.021118,0.00039807,0.054222,0.045381,0.036819,0.08106,0.7556,0.061176,0.7723,0.076583,0.5432,0.84396,7
0.28063,0.75,0.5,0.33333,0,0.043726,0.00051164,0.069565,0.0033235,0.10586,0.088331,0.098675,0.13016,0.6791,0.12235,0.75142,0.12297,0.35037,0.93836,7
0.81818,0.95417,0.5,0.33333,0,0.036122,0.00087017,0.054658,0.003612,0.098632,0.079417,0.086156,0.13016,0.66978,0.095294,0.80455,0.12297,0.42162,0.9127,7
0.87747,0.725,0.5,0,0,0.01711,0.00035252,0.053416,0.0015009,0.090369,0.084279,0.064801,0.12315,0.76306,0.030588,0.81404,0.11635,0.44542,0.81976,7
0.33597,0.73333,0.5,0,0,0.038023,0.0007261,0.032298,0.00054122,0.095791,0.085089,0.068483,0.13484,0.72948,0.023529,0.85958,0.12739,0.46333,0.83699,7
0.6166,0.875,0.5,0,0,0.036122,0.00065233,0.027329,0.00044768,0.084431,0.074554,0.053756,0.12627,0.73881,0.0047059,0.88046,0.11929,0.54918,0.82619,7
0.10277,0.9875,0.5,0.33333,0,0.055133,0.00065233,0.070807,0.0012424,0.10664,0.10778,0.08542,0.12783,0.80784,0.055294,0.72865,0.12077,0.31223,0.81047,7
0.063241,0.90833,0.5,0,0,0.072243,0.0020017,0.054658,0.0011648,0.095533,0.081848,0.073638,0.13172,0.70896,0.049412,0.83871,0.12445,0.43985,0.86359,7
0.5415,0.8,0.5,0,0,0.057034,0.0016603,0.050932,0.0013552,0.078492,0.064019,0.053756,0.11847,0.70896,0.031765,0.86717,0.11193,0.53895,0.85013,7
0.96443,0.94583,0.5,0.33333,0,0.057034,0.0025598,0.052174,0.0017603,0.062226,0.046191,0.043446,0.097428,0.70336,0.056471,0.83302,0.092047,0.59701,0.86798,7
0.2253,0.85833,0.5,0,0,0.047529,0.0010717,0.037267,0.00097372,0.08314,0.071313,0.059647,0.11925,0.72575,0.038824,0.83871,0.11267,0.4866,0.84793,7
0.33202,0.88333,0.5,0.33333,0,0.060836,0.0010558,0.043478,0.0010904,0.10276,0.092382,0.076583,0.1403,0.72948,0.030588,0.8482,0.13255,0.42312,0.8412,7
0.16996,0.73333,0.5,0,0,0.04943,0.00034714,0.018634,0.0007411,0.10612,0.096434,0.084683,0.13796,0.73321,0.054118,0.80645,0.13034,0.35553,0.85327,7
0.39921,0.8,0.5,0,0,0.022814,0.00076646,0.029814,0.00064518,0.068164,0.054295,0.04271,0.10834,0.71642,0.025882,0.86907,0.10236,0.59183,0.84426,7
0.011858,0.7375,0.5,0,0,0.053232,0.00069428,0.052174,0.00054829,0.10973,0.097245,0.092784,0.13952,0.71269,0.076471,0.79127,0.13181,0.34241,0.88117,7
0.13043,0.65833,0.5,0,0,0.028517,0.00050975,0.036025,0.00063464,0.089336,0.077796,0.064801,0.12627,0.72575,0.035294,0.8444,0.11929,0.46357,0.84567,7
0.71937,0.725,0.5,0,0,0.098859,0.0014365,0.12919,0.004008,0.31345,0.2966,0.36451,0.27514,0.61754,0.45059,0.28463,0.36451,0.28574,0.17446,6
0.33597,0.7,0.5,0,0,0.068441,0.0012931,0.079503,0.0022176,0.35244,0.33387,0.41163,0.30709,0.59328,0.49882,0.2315,0.41163,0.29655,0.17888,6
0.98419,0.77083,0.5,0,0,0.051331,0.0015144,0.050932,0.00087907,0.33308,0.31118,0.38954,0.29384,0.57649,0.48118,0.27704,0.38954,0.28914,0.16757,6
0.3004,0.69167,0.5,0,0,0.045627,0.0013445,0.048447,0.0014245,0.33746,0.32253,0.39323,0.29228,0.62313,0.47882,0.2334,0.39323,0.29743,0.1853,6
0.74308,0.73333,0.5,0,0,0.041825,0.0010121,0.068323,0.0017233,0.33824,0.32172,0.39691,0.2915,0.61194,0.49294,0.22201,0.39691,0.30575,0.18411,6
0.20553,0.6875,0.5,0,0,0.06654,0.00088716,0.034783,0.00144,0.35063,0.33144,0.41163,0.30398,0.58955,0.50706,0.22201,0.41163,0.30242,0.17906,6
0.8419,0.76667,0.5,0,0,0.028517,0.00066378,0.04472,0.00069687,0.32455,0.29984,0.37997,0.28917,0.5597,0.47412,0.3055,0.37997,0.2903,0.15828,6
0.89328,0.77083,0.5,0,0,0.089354,0.0023807,0.079503,0.0012229,0.32894,0.30713,0.38586,0.28917,0.57836,0.48235,0.27324,0.38586,0.29247,0.16867,6
0.39921,0.7,0.5,0.33333,0,0.062738,0.0015439,0.054658,0.0013573,0.34289,0.32739,0.39617,0.30086,0.61754,0.46824,0.25617,0.39617,0.28269,0.18027,6
0.71146,0.72917,0.5,0.33333,0,0.10076,0.0027341,0.045963,0.001211,0.3403,0.32172,0.40059,0.29384,0.59701,0.50118,0.22391,0.40059,0.30703,0.18058,6
0.52174,0.70833,0.5,0,0,0.081749,0.0021826,0.10683,0.0020665,0.28763,0.27553,0.32842,0.25565,0.65858,0.39529,0.33207,0.32842,0.26562,0.17557,6
0.086957,0.67083,0.5,0,0,0.045627,0.0009019,0.20497,0.0042246,0.29512,0.27715,0.33947,0.265,0.61567,0.41412,0.34535,0.33947,0.26545,0.15405,6
0.78656,0.75833,0.5,0,0,0.087452,0.0020574,0.10311,0.0025915,0.28712,0.2731,0.33137,0.25331,0.64552,0.41176,0.31879,0.33137,0.27988,0.176,6
0.917,0.775,0.5,0,0.5,0.13308,0.0028095,0.04472,0.00091242,0.34676,0.32334,0.40722,0.30475,0.56157,0.50353,0.25617,0.40722,0.29466,0.16801,6
0.55731,0.7125,0.5,0.33333,0,0.038023,0.00084141,0.062112,0.0014796,0.30416,0.29417,0.35052,0.26422,0.66791,0.42588,0.27324,0.35052,0.28686,0.19125,6
0.94466,0.76667,0.5,0,0,0.064639,0.0011772,0.040994,0.0012331,0.34056,0.31523,0.40206,0.2993,0.55037,0.50706,0.26186,0.40206,0.30036,0.16471,6
0.58498,0.725,0.5,0,0,0.053232,0.001077,0.068323,0.0013889,0.34392,0.33063,0.3947,0.30242,0.63246,0.45647,0.25996,0.3947,0.27589,0.18322,6
0.66798,0.74167,0.5,0,0,0.077947,0.0013346,0.054658,0.0012874,0.35631,0.33387,0.41973,0.31021,0.5653,0.52,0.22581,0.41973,0.30135,0.1738,6
0.4585,0.70833,0.5,0.33333,0,0.062738,0.0012531,0.067081,0.0014822,0.32688,0.31361,0.37703,0.28605,0.63806,0.44941,0.26565,0.37703,0.28329,0.18384,6
0.74704,0.7375,0.5,0,0,0.068441,0.0015765,0.050932,0.0012851,0.3465,0.32577,0.40943,0.2993,0.58022,0.51529,0.21822,0.40943,0.30924,0.17789,6
0.73518,0.10417,0.5,0,0,0.013308,0.00025302,0.01118,0.00020117,0.052414,0.034846,0.086156,0.033515,0.6959,0.30588,0.43833,0.086156,0.64866,0.15896,5
0.95257,0.57083,0.5,0,0,0,0,0,1.1469e-11,0,0,0,0,0.83396,0.13176,0.57875,0,0,0.51105,5
0.86957,0.079167,0.5,0,0,0.036122,0.00086132,0.037267,0.0011779,0.059127,0.044571,0.086892,0.043648,0.71455,0.27882,0.463,0.086892,0.51859,0.16523,5
0.53755,0.54167,0.5,0,0,0.0019011,0.00013722,0.0012422,9.8161e-05,0.0002582,0,0.00073638,0,0.83209,0.13412,0.57685,0.00073638,0.11111,0.15945,5
0.50198,0.55417,0.5,0,0,0,0,0,1.1469e-11,0,0,0,0,0.83396,0.13176,0.57875,0,0,0.51105,5
0.87747,0.57917,0.5,0,0,0,0,0,1.1469e-11,0,0,0,0,0.83396,0.13176,0.57875,0,0,0.51105,5
0.99605,0.57917,0.5,0,0,0,0,0,1.1469e-11,0,0,0,0,0.83396,0.13176,0.57875,0,0,0.51105,5
0.98024,0.19583,0.5,0,0,0.045627,0.00095068,0.0062112,0.0002364,0.061709,0.04376,0.096465,0.042089,0.6903,0.31294,0.43264,0.096465,0.60777,0.16097,5
0.71542,0.11667,0.5,0,0,0.18821,0.0057857,0.013665,0.00063464,0.066357,0.053485,0.094993,0.048324,0.72388,0.28471,0.44402,0.094993,0.57602,0.16921,5
0.6087,0.12083,0.5,0,0,0.064639,0.0020901,0.0012422,9.816e-05,0.0087787,0.0089141,0.010309,0.0070148,0.83209,0.14118,0.56546,0.010309,0.11667,0.24735,5
0.90909,0.079167,0.5,0,0.5,0.024715,0.00071827,0.067081,0.0020174,0.049058,0.034846,0.07732,0.032736,0.72015,0.27882,0.45731,0.07732,0.61372,0.16736,5
0.63241,0.325,0.5,0,0,0.1597,0.0051591,0.0037267,0.00020117,0.021689,0.02107,0.025037,0.018706,0.82276,0.15294,0.55598,0.025037,0.097643,0.19368,5
0.4664,0.59167,0.5,0,0,0.173,0.0055857,0.0012422,9.816e-05,0.023496,0.02188,0.025773,0.022603,0.8153,0.14824,0.57116,0.025773,0.085017,0.13807,5
0.73518,0.325,0.5,0,0,0.10266,0.001619,0.024845,0.00077042,0.058869,0.046191,0.086156,0.042089,0.72761,0.27647,0.45351,0.086156,0.54854,0.16793,5
0.66008,0.12083,0.5,0,0,0,0,0,1.1469e-11,0,0,0,0,0.83396,0.13176,0.57875,0,0,0.51105,5
0.79842,0.20833,0.5,0,0,0.0057034,0.00028122,0.016149,0.00031959,0.048799,0.032415,0.081738,0.029618,0.70522,0.30118,0.43643,0.081738,0.66626,0.16385,5
0.64032,0.5875,0.5,0,0,0,0,0,1.1469e-11,0,0,0,0,0.83396,0.13176,0.57875,0,0,0.51105,5
0.70751,0.54167,0.5,0,0,0.0019011,0.00013722,0.0012422,9.8161e-05,0.0002582,0,0.00073638,0,0.83209,0.13412,0.57685,0.00073638,0.11111,0.15945,5
0.68379,0.55833,0.5,0,0,0,0,0,1.1469e-11,0,0,0,0,0.83396,0.13176,0.57875,0,0,0.51105,5
0.18972,0.12917,0.5,0,0,0.089354,0.00093672,0.029814,0.00064518,0.41053,0.36953,0.49411,0.36087,0.41978,0.62941,0.19734,0.49411,0.32293,0.15419,4
0.54545,0.35,0.5,0,0,0.12357,0.0025458,0.15776,0.0041295,0.32662,0.3128,0.37334,0.28995,0.63433,0.43294,0.29602,0.37334,0.26457,0.1802,4
0.70751,0.4375,0.5,0,0,0.10076,0.0016248,0.029814,0.00058896,0.23135,0.21232,0.27614,0.20187,0.62873,0.40118,0.35294,0.27614,0.30946,0.16386,4
0.2253,0.40833,0.5,0,0,0.039924,0.00062882,0.023602,0.00035392,0.29151,0.26337,0.35567,0.25019,0.54664,0.50824,0.26376,0.35567,0.33496,0.16377,4
0.41107,0.24167,0.5,0,0,0.085551,0.0015439,0.040994,0.0010618,0.41518,0.38979,0.48527,0.36477,0.52612,0.56588,0.19165,0.48527,0.28965,0.17146,4
0.17391,0.23333,0.5,0,0,0.022814,0.00030063,0.023602,0.00046665,0.45133,0.41653,0.53314,0.39751,0.44963,0.63059,0.16509,0.53314,0.29815,0.16243,4
0.44664,0.49167,0.5,0.33333,0,0.070342,0.001153,0.017391,0.00063917,0.43506,0.39546,0.51694,0.38581,0.42164,0.62706,0.19924,0.51694,0.30598,0.15398,4
0.94862,0.24583,0.5,0,0,0.036122,0.00071827,0.091925,0.0019866,0.2786,0.2658,0.32032,0.2463,0.65672,0.39765,0.33017,0.32032,0.27405,0.17691,4
0.20949,0.47917,0.5,0.33333,0,0.095057,0.0027196,0.075776,0.0016408,0.16241,0.15316,0.19146,0.1403,0.71828,0.30941,0.40987,0.19146,0.30579,0.18054,4
0.14625,0.34583,0.5,0.33333,0,0.047529,0.0010504,0.019876,0.00056218,0.47483,0.44571,0.54786,0.42479,0.48134,0.59412,0.19165,0.54786,0.26726,0.16379,4
0.66403,0.5,0.5,0,0,0.081749,0.0018825,0.20621,0.0015258,0.2489,0.22366,0.30339,0.21512,0.58022,0.45176,0.32068,0.30339,0.33862,0.16032,4
0.75099,0.4,0.5,0,0,0.070342,0.0015391,0.23106,0.002172,0.20372,0.19611,0.23785,0.17459,0.71642,0.34353,0.35674,0.23785,0.31155,0.19592,4
0.071146,0.37917,0.5,0,0,0.13308,0.0015131,0.026087,0.00044983,0.40692,0.36953,0.48675,0.35776,0.4459,0.61059,0.20114,0.48675,0.31701,0.15816,4
0.35968,0.325,0.5,0,0,0.068441,0.0012755,0.027329,0.00069132,0.41079,0.37196,0.49337,0.36009,0.4347,0.62471,0.18975,0.49337,0.31787,0.15704,4
0.12253,0.32083,0.5,0,0,0.028517,0.00035252,0.024845,0.00051942,0.46889,0.4222,0.56333,0.41309,0.36194,0.69529,0.14991,0.56333,0.32012,0.15313,4
0.93676,0.25833,0.5,0,0,0.077947,0.0014168,0.03354,0.00056389,0.30338,0.28282,0.35125,0.27202,0.59515,0.43294,0.33586,0.35125,0.27433,0.15911,4
0.090909,0.34167,0.5,0,0,0.055133,0.00077865,0.045963,0.0012486,0.43816,0.39951,0.52504,0.3827,0.42724,0.65176,0.1537,0.52504,0.31554,0.16124,4
0.75889,0.475,0.5,0,0,0.173,0.0025723,0.043478,0.0013552,0.26104,0.23582,0.31517,0.22759,0.57649,0.45294,0.32258,0.31517,0.32183,0.15839,4
0.47036,0.40417,0.5,0,0,0.15779,0.0035279,0.037267,0.0011278,0.40485,0.38412,0.46097,0.36477,0.56157,0.49647,0.26755,0.46097,0.25246,0.16625,4
0.40711,0.42083,0.5,0,0,0.020913,0.00025302,0.023602,0.00051382,0.41234,0.38088,0.48601,0.36399,0.48507,0.58235,0.20683,0.48601,0.29368,0.16212,4
0.56522,0.1,0.5,0,0,0.079848,0.00205,0.045963,0.0012486,0.26207,0.23582,0.31443,0.23149,0.56903,0.44471,0.34345,0.31443,0.31971,0.152,4
0.29644,0.5125,0.5,0.33333,0,0.087452,0.0014522,0.032298,0.00039264,0.34108,0.30551,0.41826,0.29306,0.47948,0.58235,0.21252,0.41826,0.34111,0.1607,4
0.90119,0.054167,0.5,0,0,0.060837,0.0011181,0.027329,0.00075526,0.34289,0.30875,0.40574,0.30865,0.48881,0.51412,0.31309,0.40574,0.30862,0.14394,4
0.32806,0.2125,0.5,0,0,0.024715,0.00049475,0.021118,0.00055701,0.42551,0.38979,0.50515,0.3749,0.45149,0.61412,0.18975,0.50515,0.30318,0.15956,4
0.20158,0.325,0.5,0,0,0.17871,0.0027444,0.016149,0.00035392,0.20165,0.18395,0.24448,0.17303,0.64739,0.38471,0.36053,0.24448,0.33113,0.16716,4
0.97233,0.43333,0.5,0,0,0.12167,0.0018246,0.031056,0.00094255,0.20114,0.18152,0.24374,0.17459,0.63433,0.38353,0.37571,0.24374,0.33166,0.15945,4
0.44269,0.095833,0.5,0,0,0.068441,0.0011448,0.018633,0.00060351,0.50813,0.47407,0.59057,0.45284,0.43657,0.64706,0.1518,0.59057,0.27918,0.16218,4
0.917,0.47083,0.5,0.33333,0,0.072243,0.0015131,0.045963,0.00035392,0.28531,0.26094,0.34094,0.24942,0.57463,0.46588,0.30361,0.34094,0.3171,0.16237,4
0.31225,0.25417,0.5,0,0,0.041825,0.0010121,0.032298,0.00084212,0.41131,0.37439,0.49337,0.35931,0.44776,0.62235,0.18027,0.49337,0.31461,0.16015,4
0.33597,0.0375,0.5,0,0,0.032319,0.0010287,0.043478,0.00076666,0.45443,0.41167,0.54124,0.40296,0.39366,0.65529,0.18216,0.54124,0.30956,0.15296,4
0.65613,0.175,0.5,0,0,0.043726,0.00049475,0.021118,0.00028109,0.28195,0.26904,0.32253,0.25097,0.65485,0.39294,0.33966,0.32253,0.26456,0.17453,4
0.1502,0.52917,0.5,0,0,0.038023,0.00050604,0.053416,0.001182,0.38084,0.35818,0.44256,0.33671,0.55597,0.51765,0.23909,0.44256,0.28091,0.17032,4
0.13043,0.0083333,0.5,0,0,0.0076045,0.00017357,0.034783,0.00039264,0.49058,0.44246,0.58395,0.43726,0.34515,0.69529,0.16698,0.58395,0.31144,0.14928,4
0.15415,0.1,0.5,0,0,0.024715,0.00025302,0.023602,0.00046665,0.48412,0.45057,0.56554,0.42946,0.44776,0.63647,0.1575,0.56554,0.28749,0.16284,4
0.047431,0.016667,0.5,0.33333,0,0.041825,0.00089351,0.027329,0.0007398,0.48076,0.43274,0.57585,0.42557,0.34888,0.70118,0.1537,0.57585,0.3169,0.1509,4
0.22134,0.12917,0.5,0,0,0.079848,0.00087648,0.02236,0.00050436,0.26104,0.23906,0.31664,0.22292,0.59888,0.46,0.28843,0.31664,0.33466,0.17033,4
0.023715,0.59583,0.5,0,0.5,0.10456,0.0038641,0.085714,0.0015712,0.35347,0.32496,0.42415,0.30553,0.52425,0.55412,0.21252,0.42415,0.32135,0.16974,4
0.57708,0.475,0.5,0,0,0.21863,0.0039566,0.029814,0.00054829,0.30132,0.27147,0.36451,0.26267,0.53172,0.50588,0.28273,0.36451,0.32464,0.1591,4
0.96443,0.4125,0.5,0,0,0.1673,0.0034714,0.039752,0.0013052,0.2378,0.21232,0.29455,0.20187,0.58209,0.46,0.3055,0.29455,0.35355,0.16377,4
0.023715,0.32917,0.5,0,0,0.043726,0.00086132,0.054658,0.001456,0.032533,0.018639,0.038292,0.039751,0.72761,0.16706,0.62998,0.041237,0.66534,0,3
0.11067,0.30833,0.5,0,0,0.096958,0.0029666,0.053416,0.0022006,0.028402,0.015397,0.044919,0.023383,0.73507,0.21765,0.5408,0.044919,0.76296,0.1132,3
0.2253,0.475,0.5,0,0,0.074144,0.0011198,0.023602,0.0006526,0.12936,0.081037,0.20324,0.097428,0.45896,0.51647,0.33966,0.20324,0.63846,0.13468,3
0.12648,0.50417,0.5,0.33333,0,0.036122,0.0010065,0.038509,0.00071999,0.013684,0.0048622,0.027982,0.0070148,0.76866,0.20353,0.52941,0.027982,0.67689,0.14971,3
0.051383,0.52083,0.5,0,0,0,0,0,1.1469e-11,0,0,0,0,0.83396,0.13176,0.57875,0,0,0.51105,3
0.3834,0.50833,0.5,0,0,0.019011,0.00017357,0.0086957,0.0002364,0.0067131,0,0.018409,0.00077942,0.78545,0.18941,0.5351,0.018409,1,0.1546,3
0.26482,0.48333,0.5,0,0,0.036122,0.00098378,0.028571,0.00059709,0.11412,0.079417,0.17526,0.082619,0.55784,0.45176,0.34345,0.17526,0.60144,0.16928,3
0.35178,0.4375,0.5,0,0,0.043726,0.00086132,0.029814,0.00081892,0.13065,0.0859,0.19588,0.10444,0.48321,0.47529,0.3814,0.19588,0.5961,0.13165,3
0.33202,0.45833,0.5,0,0,0.055133,0.0010717,0.021118,0.00051382,0.12006,0.06483,0.19367,0.09509,0.41418,0.51294,0.39089,0.19367,0.69618,0.11891,3
0.44269,0.49583,0.5,0,0,0.0095057,0.00025302,0.0074534,0.00026339,0.0061967,0,0.016937,0.00077942,0.78918,0.18471,0.5389,0.016937,1,0.1546,3
0.24901,0.42917,0.5,0,0,0.17681,0.0063729,0.19752,0.0062529,0.20785,0.13371,0.31296,0.16758,0.2556,0.68471,0.27514,0.31296,0.62925,0.12571,3
0.46245,0.40833,0.5,0,0.5,0.12167,0.0026777,0.089441,0.0022246,0.092693,0.051053,0.14801,0.074045,0.51679,0.41882,0.43833,0.14801,0.69463,0.11753,3
0.36364,0.48333,0.5,0,0,0.038023,0.00084141,0.02236,0.00056899,0.026594,0.0097245,0.044919,0.023383,0.70896,0.22588,0.55408,0.044919,0.82725,0.095626,3
0.42688,0.5625,0.5,0,0,0.0019011,0.00013722,0.0012422,9.8161e-05,0.0002582,0,0.00073638,0,0.83209,0.13412,0.57685,0.00073638,0.11111,0.15945,3
0.40711,0.5125,0.5,0,0,0.01711,0.0001841,0.018634,0.00020117,0.012393,0.00081037,0.025773,0.0093531,0.75,0.19882,0.55598,0.025773,0.97778,0.10437,3
0.37549,0.52917,0.5,0,0,0.024715,0.00065233,0.021118,0.00051382,0.0080041,0.00081037,0.018409,0.0038971,0.78172,0.18353,0.54839,0.018409,0.97778,0.13849,3
0.33597,0.52083,0.5,0,0,0.13308,0.0042285,0.047205,0.0017249,0.084947,0.048622,0.13844,0.063133,0.55597,0.40824,0.41556,0.13844,0.69575,0.13014,3
0.22925,0.54167,0.5,0.33333,0,0.081749,0.0015537,0.048447,0.00092187,0.088304,0.057536,0.12297,0.08106,0.59328,0.31882,0.52182,0.12297,0.58578,0.099486,3
0.051383,0.35,0.5,0,0,0.045627,0.00070504,0.024845,0.00044768,0.01575,0.0048622,0.025773,0.015588,0.75373,0.18353,0.57685,0.025773,0.87407,0.082505,3
0.43874,0.275,0.5,0,0,0.032319,0.00057893,0.026087,0.00058404,0.75032,0.68476,0.8299,0.72798,0.14179,0.69059,0.3814,0.8299,0.25014,0.104,2
0.34387,0.33333,0.5,0,0,0.036122,0.00083467,0.016149,0.00055701,0.73122,0.67504,0.81811,0.69213,0.21269,0.72118,0.25996,0.81811,0.2502,0.12485,2
0.75494,0.16667,0.5,0,0,0.024715,0.00039294,0.021118,0.00055701,0.75807,0.69449,0.84168,0.72954,0.15299,0.71176,0.33586,0.84168,0.25014,0.11092,2
0.32411,0.17917,0.5,0,0,0.026616,0.00072609,0.014907,0.00040234,0.76659,0.71151,0.84462,0.73578,0.20896,0.68706,0.31879,0.84462,0.2345,0.11634,2
0.13439,0.23333,0.5,0.33333,0,0.091255,0.0011448,0.085714,0.0013999,0.73948,0.6718,0.83211,0.70538,0.1306,0.75059,0.29602,0.83211,0.26644,0.11531,2
0.6996,0.020833,0.5,0,0,0.011407,0.00030063,0.03354,0.00087026,0.7875,0.72609,0.86819,0.75994,0.15858,0.70471,0.34156,0.86819,0.2399,0.11066,2
0.90514,0.0041667,0.5,0,0,0.030418,0.00027444,0.036025,0.00070375,0.82985,0.78201,0.89691,0.80359,0.23881,0.64941,0.34915,0.89691,0.20768,0.11337,2
0.86561,0.11667,0.5,0.33333,0,0.022814,0.0007364,0.029814,0.00096177,0.78776,0.72528,0.86892,0.76072,0.15112,0.70706,0.34535,0.86892,0.24146,0.10922,2
0.93676,0.18333,0.5,0,0,0.024715,0.00049475,0.02236,0.00040234,0.79241,0.73663,0.87629,0.75604,0.1959,0.72118,0.27704,0.87629,0.23589,0.12162,2
0.86561,0.10417,0.5,0,0,0.032319,0.00080715,0.023602,0.00061615,0.79499,0.73501,0.87776,0.76383,0.16604,0.71647,0.31499,0.87776,0.23909,0.11448,2
0.26087,0.12083,0.5,0,0,0.022814,0.00052071,0.014907,0.00050436,0.76711,0.6953,0.85493,0.74201,0.093284,0.73412,0.36053,0.85493,0.26097,0.10488,2
0.29644,0.033333,0.5,0,0,0.032319,0.00044675,0.019876,0.00042106,0.79654,0.73663,0.87703,0.76773,0.16604,0.70588,0.33207,0.87703,0.23673,0.11218,2
0.43874,0.029167,0.5,0,0,0.028517,0.00069699,0.01118,0.00020117,0.79318,0.74635,0.8623,0.76383,0.25746,0.65059,0.32827,0.8623,0.21326,0.11808,2
0.24111,0.0625,0.5,0,0,0.026616,0.00027444,0.0099379,0.00029119,0.78234,0.71718,0.86745,0.7537,0.13433,0.72471,0.33397,0.86745,0.2487,0.11047,2
0.22134,0.90833,0.5,0,0,0.093156,0.0020765,0.077019,0.0010163,0.10199,0.08752,0.089838,0.1286,0.70149,0.097647,0.7685,0.1215,0.34769,0.90564,7
0.17787,0.94583,0.5,0,0,0.036122,0.00083467,0.048447,0.0013148,0.092435,0.070502,0.083947,0.12237,0.65299,0.11294,0.79317,0.11561,0.44551,0.93213,7
0.3913,0.6,0.5,0,0,0.01711,0.00046331,0.018634,0.00025218,0.16266,0.14587,0.13697,0.20577,0.66604,0.047059,0.88615,0.1944,0.31809,0.87525,7
0.98024,0.81667,0.5,0.66667,0,0.093156,0.00093671,0.019876,0.00019632,0.084689,0.069692,0.068483,0.11613,0.70336,0.074118,0.80455,0.10972,0.43239,0.88329,7
0.16206,0.97083,0.5,0.33333,0,0.038023,0.001483,0.024845,0.00090818,0.089336,0.069692,0.07732,0.12081,0.66978,0.095294,0.80455,0.11414,0.44604,0.91258,7
0.29644,0.77917,0.5,0,0,0.060837,0.001215,0.03354,0.00049859,0.10147,0.088331,0.078056,0.13874,0.71082,0.043529,0.8463,0.13108,0.41157,0.85616,7
0.99209,0.70833,0.5,0,0,0.034221,0.00063774,0.045963,0.0014698,0.11361,0.098865,0.092047,0.15043,0.6959,0.055294,0.8425,0.14212,0.38556,0.87056,7
0.086957,0.86667,0.5,0,0,0.051331,0.0010139,0.038509,0.00067008,0.093209,0.079417,0.079529,0.12081,0.70896,0.088235,0.77609,0.11414,0.37191,0.88968,7
0.77075,0.95833,0.5,0,0,0.053232,0.0011382,0.026087,0.00087026,0.057578,0.04295,0.046392,0.083398,0.71455,0.091765,0.76471,0.078792,0.50946,0.89337,7
0.96047,0.75833,0.5,0,0,0.070342,0.0022439,0.086957,0.0026192,0.11283,0.097245,0.094256,0.14731,0.6903,0.069412,0.82543,0.13918,0.37887,0.8841,7
0.51779,0.88333,0.5,0,0,0.072243,0.0007261,0.039752,0.00067438,0.11516,0.096434,0.089102,0.16056,0.66791,0.034118,0.90512,0.15169,0.43313,0.86688,7
0.67589,0.5375,0.5,0,0,0.10266,0.00042516,0.014907,0.00030414,0.022463,0.019449,0.033137,0.01403,0.80597,0.18824,0.51613,0.033137,0.65608,0.19995,5
0.66798,0.32083,0.5,0,0,0.024715,0.00039294,0.018634,0.00033143,0.15569,0.1329,0.1944,0.1364,0.62687,0.35412,0.43074,0.1944,0.37862,0.14033,5
0.56126,0.42917,0.5,0,0,0.051331,0.00081642,0.0086956,0.00028109,0.18952,0.16775,0.22828,0.16913,0.62313,0.36235,0.42125,0.22828,0.33189,0.14232,5
0.85771,0.43333,0.5,0,0,0.032319,0.00053849,0.0086957,0.00028109,0.16008,0.14182,0.19514,0.1403,0.65672,0.33765,0.42694,0.19514,0.33915,0.15034,5
0.6996,0.52917,0.5,0,0,0.0038023,0.00017357,0.0012422,9.816e-05,0.0095533,0.0072934,0.020619,0,0.8153,0.18706,0.50854,0.020619,1,0.21642,5
0.54545,0.425,0.5,0,0,0.032319,0.00098378,0.014907,0.00030414,0.20449,0.18152,0.24521,0.18316,0.61007,0.37529,0.41366,0.24521,0.32738,0.14175,5
0.83794,0.3125,0.5,0,0,0.028517,0.0001841,0.0086956,0.0002364,0.11955,0.096434,0.16348,0.09509,0.63619,0.37059,0.39469,0.16348,0.46348,0.15454,5
0.79842,0.50833,0.5,0,0,0.0019011,0.00013722,0.0012422,9.8161e-05,0.0020656,0,0.005891,0,0.81903,0.15059,0.56357,0.005891,0.88889,0.15945,5
0.64032,0.5,0.5,0,0,0.0057034,0.0001841,0.0062112,0.000181,0.010844,0.006483,0.0243,0.00077942,0.80037,0.19882,0.50474,0.0243,0.97222,0.19694,5
0.80632,0.29583,0.5,0,0,0.041825,0.0011579,0.055901,0.0015638,0.10612,0.08671,0.14359,0.084957,0.66604,0.33647,0.41935,0.14359,0.45815,0.15805,5
0.83004,0.49583,0.5,0,0,0,0,0,1.1469e-11,0,0,0,0,0.83396,0.13176,0.57875,0,0,0.51105,5
0.89723,0.32917,0.5,0,0,0.062738,0.002227,0.049689,0.0017778,0.11748,0.094003,0.162,0.092751,0.63433,0.37294,0.39279,0.162,0.47555,0.15469,5
0.97233,0.40417,0.5,0.33333,0,0.024715,0.00061672,0.047205,0.0014075,0.10121,0.082658,0.13623,0.081839,0.67351,0.32353,0.43264,0.13623,0.45603,0.15395,5
0.78261,0.45417,0.5,0,0,0.19772,0.004993,0.021118,0.00031959,0.35605,0.3517,0.39249,0.32112,0.6903,0.39059,0.3074,0.39249,0.22462,0.19268,4
0.71937,0.22917,0.5,0,0,0.043726,0.00083467,0.057143,0.0013658,0.29357,0.30308,0.30412,0.2728,0.80597,0.25176,0.41366,0.30412,0.15201,0.22837,4
0.55731,0.5375,0.5,0,0,0.14449,0.0013047,0.03354,0.00052127,0.18435,0.17099,0.21429,0.16524,0.68284,0.31882,0.43074,0.21429,0.2851,0.15843,4
0.78261,0.35833,0.5,0.33333,0,0.093156,0.0012651,0.01118,0.0001317,0.33333,0.33549,0.35862,0.30398,0.74254,0.33176,0.34915,0.35862,0.19935,0.2027,4
0.51779,0.30417,0.5,0,0,0.10266,0.0012395,0.019876,0.00032851,0.061967,0.053485,0.078056,0.053001,0.7556,0.22353,0.51044,0.078056,0.38048,0.15231,4
0.68379,0.35417,0.5,0.66667,0,0.076046,0.00069428,0.021118,0.00063464,0.38446,0.39465,0.40427,0.35308,0.78172,0.31765,0.33207,0.40427,0.17458,0.22222,4
0.82609,0.25833,0.5,0,0,0.045627,0.00097416,0.02236,0.00058896,0.2946,0.29579,0.3137,0.2728,0.74813,0.29294,0.40607,0.3137,0.17823,0.19318,4
0.31621,0.23333,0.5,0,0,0.028517,0.00046331,0.019876,0.00042106,0.8567,0.81929,0.91753,0.82697,0.30224,0.62588,0.32258,0.91753,0.18855,0.12205,2
0.56126,0.0375,0.5,0,0,0.038023,0.00075658,0.028571,0.00067009,0.88768,0.8517,0.94551,0.8597,0.30224,0.61882,0.33397,0.94551,0.18148,0.12041,2
0.81423,0.19583,0.5,0,0,0.028517,0.00046331,0.02236,0.00030414,0.8505,0.80308,0.91973,0.82151,0.23507,0.66471,0.32827,0.91973,0.2065,0.11666,2
0.88142,0.095833,0.5,0,0,0.045627,0.00097416,0.02236,0.00045621,0.85902,0.8128,0.92784,0.82931,0.24067,0.66471,0.32258,0.92784,0.20392,0.11765,2
0.74308,0.11667,0.5,0,0,0.036122,0.00057893,0.017391,0.00042106,0.86574,0.83063,0.93004,0.83009,0.3153,0.64471,0.27894,0.93004,0.18839,0.13028,2
0.79447,0.125,0.5,0,0,0.03232,0.00077865,0.024845,0.00073979,0.85773,0.81605,0.92636,0.82385,0.27239,0.66353,0.29222,0.92636,0.19935,0.12495,2
0.62451,0.12083,0.5,0,0,0.030418,0.00062581,0.012422,0.00012416,0.87245,0.83306,0.93888,0.83866,0.28358,0.65647,0.29222,0.93888,0.19366,0.12579,2
0.15415,0.19167,0.5,0,0,0.039924,0.00072869,0.031056,0.0005774,0.86135,0.81848,0.92121,0.83788,0.26306,0.62235,0.36812,0.92121,0.19249,0.11216,2
0.19368,0.1625,0.5,0,0,0.026616,0.00066094,0.017391,0.000362,0.86522,0.82496,0.93373,0.83009,0.27985,0.66471,0.28273,0.93373,0.19716,0.1269,2
0.35573,0.033333,0.5,0,0,0.034221,0.00076647,0.032298,0.00056218,0.88304,0.84198,0.94404,0.85659,0.26866,0.63294,0.34535,0.94404,0.18953,0.11606,2
0.49802,0.19167,0.5,0.33333,0,0.032319,0.00071827,0.036025,0.00079625,0.86625,0.82415,0.93004,0.83788,0.26679,0.64235,0.33207,0.93004,0.19475,0.11802,2
0.5415,0.15833,0.5,0,0,0.036122,0.00093672,0.039752,0.00077042,0.8647,0.82496,0.93078,0.83164,0.28358,0.65294,0.29791,0.93078,0.19462,0.12436,2
0.8498,0.025,0.5,0,0,0.022814,0.00052071,0.028571,0.00073588,0.87942,0.83874,0.94035,0.85269,0.27239,0.63176,0.34345,0.94035,0.18946,0.1168,2
0.32016,0.16667,0.5,0,0,0.020913,0.00044675,0.013665,0.00053585,0.85877,0.81524,0.92047,0.83398,0.25933,0.63059,0.35863,0.92047,0.1952,0.11343,2
0.46245,0.1125,0.5,0,0,0.026616,0.0005886,0.019876,0.00077042,0.87038,0.82658,0.93888,0.83866,0.25373,0.66588,0.3074,0.93888,0.19997,0.12108,2
0.5336,0.85417,0.5,0.33333,0,0.095057,0.0013389,0.06087,0.0021528,0.10509,0.083468,0.087629,0.14419,0.65112,0.072941,0.85958,0.13623,0.44167,0.89459,7
0.16996,0.62917,0.5,0,0,0.030418,0.00045922,0.043478,0.00097866,0.17093,0.14263,0.15979,0.20966,0.58396,0.11882,0.85389,0.19809,0.34703,0.94039,7
0.38735,0.62083,0.5,0,0,0.068441,0.00085032,0.068323,0.001703,0.19546,0.15397,0.19661,0.23383,0.48507,0.18353,0.85009,0.22091,0.36751,0.98567,7
0.83399,0.62083,0.5,0,0,0.04943,0.0013047,0.032298,0.0012783,0.16215,0.12966,0.15538,0.20031,0.55784,0.13765,0.85009,0.18925,0.37822,0.95469,7
0.9249,0.99167,0.5,0,0.5,0.055133,0.0024462,0.059627,0.001086,0.15931,0.14425,0.14065,0.1933,0.6791,0.08,0.81973,0.18262,0.28661,0.89426,7
0.80632,0.80417,0.5,0,0,0.053232,0.0009664,0.042236,0.0012783,0.13246,0.10454,0.1134,0.17927,0.59888,0.071765,0.91461,0.16937,0.43934,0.90536,7
0.36759,0.97917,0.5,0,0,0.079848,0.0016329,0.06087,0.00055701,0.15905,0.13776,0.13034,0.20966,0.63619,0.031765,0.94118,0.19809,0.3748,0.87349,7
0.011858,0.9875,0.5,0,0,0.11407,0.0018287,0.07205,0.00090818,0.13633,0.11345,0.11046,0.1855,0.63246,0.04,0.93169,0.17526,0.42215,0.88125,7
0.18182,0.68333,0.5,0,0,0.045627,0.0007954,0.026087,0.00064068,0.1655,0.13614,0.15758,0.20187,0.57836,0.13294,0.83681,0.19072,0.35149,0.9526,7
0.8419,0.97917,0.5,0,0,0.096958,0.0019338,0.067081,0.0014346,0.12213,0.10373,0.10236,0.16056,0.66791,0.065882,0.85389,0.15169,0.39155,0.8859,7
0.62846,0.65417,0.5,0,0,0.051331,0.0011595,0.014907,0.00034004,0.17506,0.15235,0.15243,0.22058,0.62127,0.064706,0.90323,0.20839,0.33539,0.89753,7
0.84585,0.74583,0.5,0.33333,0,0.047529,0.0010504,0.058385,0.0013293,0.13865,0.11669,0.1134,0.18628,0.63806,0.043529,0.9203,0.17599,0.40352,0.88113,7
0.45059,0.71667,0.5,0,0,0.036122,0.00077865,0.10559,0.00073588,0.13839,0.10616,0.12592,0.18239,0.56716,0.10471,0.89374,0.17231,0.44994,0.9319,7
0.87352,0.7625,0.5,0,0,0.077947,0.001153,0.050932,0.0010248,0.14072,0.12075,0.11856,0.18316,0.65112,0.058824,0.88235,0.17305,0.37213,0.88448,7
0.54941,0.7375,0.5,0,0,0.068441,0.0021258,0.068323,0.001802,0.4299,0.39708,0.50736,0.3788,0.47015,0.60471,0.18596,0.50736,0.29562,0.16287,6
0.30435,0.79167,0.5,0,0,0.096958,0.0026784,0.1118,0.002937,0.39349,0.3752,0.45508,0.34528,0.58209,0.52,0.20873,0.45508,0.28043,0.18042,6
0.41107,0.74167,0.5,0,0,0.070342,0.0015243,0.099379,0.0024926,0.42809,0.40113,0.5,0.37724,0.51119,0.57765,0.18786,0.5,0.28552,0.16927,6
0.65613,0.74167,0.5,0,0,0.12928,0.0022564,0.084472,0.001114,0.40718,0.37439,0.48012,0.36087,0.47761,0.57765,0.22201,0.48012,0.29552,0.15829,6
0.66403,0.72083,0.5,0.33333,0,0.041825,0.00054888,0.055901,0.0013917,0.3922,0.37358,0.45729,0.34061,0.58022,0.53647,0.18406,0.45729,0.2956,0.18234,6
0.10672,0.80417,0.5,0,0,0.068441,0.0017786,0.07205,0.0015028,0.38962,0.36305,0.45876,0.34139,0.52612,0.55529,0.20873,0.45876,0.29685,0.16902,6
0.74308,0.72083,0.5,0,0.5,0.057034,0.00085032,0.062112,0.001448,0.3527,0.33468,0.41311,0.30553,0.59701,0.50471,0.21822,0.41311,0.30095,0.18126,6
0.7747,0.7125,0.5,0,0,0.076046,0.0012696,0.077019,0.0020383,0.38936,0.36548,0.45803,0.33905,0.54478,0.55294,0.19355,0.45803,0.30064,0.17503,6
0.28458,0.7625,0.5,0,0,0.11027,0.0023544,0.10311,0.0024208,0.4237,0.38979,0.50442,0.37023,0.46455,0.61882,0.16888,0.50442,0.30925,0.16513,6
0.73913,0.7125,0.5,0,0,0.055133,0.00074907,0.093168,0.0015339,0.40434,0.37844,0.48012,0.3484,0.52612,0.59059,0.1518,0.48012,0.31428,0.17671,6
0.69565,0.70833,0.5,0,0,0.14639,0.0017454,0.057143,0.0010717,0.42267,0.39141,0.50147,0.36867,0.48321,0.60941,0.16509,0.50147,0.30699,0.16781,6
0.56126,0.72917,0.5,0,0,0.079848,0.0023384,0.062112,0.0018227,0.38317,0.35818,0.44993,0.33593,0.53918,0.54235,0.21632,0.44993,0.29625,0.17049,6
0.87747,0.68333,0.5,0,0,0.12928,0.0031507,0.16025,0.0033825,0.4033,0.37034,0.48233,0.35074,0.47761,0.60588,0.17647,0.48233,0.31283,0.16533,6
0.77866,0.725,0.5,0,0,0.045627,0.0012395,0.055901,0.001195,0.35012,0.33144,0.40648,0.30787,0.59328,0.48471,0.25427,0.40648,0.28555,0.17409,6
0.37549,0.77083,0.5,0,0,0.11977,0.001271,0.16522,0.0026532,0.44281,0.40843,0.5243,0.38893,0.45522,0.62706,0.16509,0.5243,0.30159,0.16347,6
0.43874,0.775,0.5,0,0,0.14449,0.0030188,0.11056,0.0022526,0.35089,0.32577,0.41237,0.30943,0.54851,0.50941,0.25996,0.41237,0.29633,0.16334,6
0.24111,0.79583,0.5,0,0,0.087452,0.0017226,0.03354,0.00081538,0.42164,0.39141,0.49632,0.37101,0.49067,0.58941,0.18975,0.49632,0.29788,0.16512,6
0.45455,0.75417,0.5,0.33333,0,0.20722,0.0028474,0.096894,0.0022089,0.39788,0.3671,0.47791,0.34217,0.4944,0.60941,0.1537,0.47791,0.32402,0.17114,6
0.067194,0.825,0.5,0,0.5,0.089354,0.00071827,0.10186,0.0019275,0.34005,0.31361,0.4028,0.29852,0.54291,0.51294,0.25996,0.4028,0.30298,0.16405,6
0.97233,0.67917,0.5,0.33333,0,0.10646,0.0027029,0.070807,0.0011149,0.39169,0.36062,0.46981,0.33827,0.4944,0.59882,0.17078,0.46981,0.32302,0.16903,6
0.21739,0.77083,0.5,0,0,0.081749,0.0014326,0.099379,0.0031668,0.34908,0.32334,0.41237,0.30631,0.54478,0.51765,0.25047,0.41237,0.29796,0.1661,6
0.12253,0.8125,0.5,0,0.5,0.096958,0.0017881,0.12547,0.0020255,0.40176,0.36791,0.47791,0.35308,0.47201,0.59176,0.20493,0.47791,0.30568,0.16087,6
0.40711,0.75,0.5,0,0,0.11027,0.0019904,0.084472,0.0020943,0.43971,0.40357,0.52504,0.38348,0.44403,0.64471,0.14801,0.52504,0.31159,0.16422,6
0.13834,0.81667,0.5,0,0,0.093156,0.0032058,0.1441,0.0020212,0.39608,0.36791,0.46465,0.34996,0.51306,0.55412,0.22391,0.46465,0.29067,0.16477,6
0.33202,0.7875,0.5,0,0,0.15399,0.0043605,0.1354,0.0031218,0.40847,0.38088,0.48159,0.35698,0.51306,0.57882,0.18406,0.48159,0.30018,0.17045,6
0.37154,0.75,0.5,0,0.5,0.10837,0.0028101,0.13416,0.0037404,0.42009,0.3825,0.50515,0.36555,0.4403,0.63882,0.16129,0.50515,0.32086,0.16226,6
0.14625,0.7875,0.5,0,0,0.11787,0.0021434,0.077019,0.00086915,0.39014,0.35737,0.46539,0.34139,0.48321,0.58471,0.20493,0.46539,0.30983,0.16183,6
0.77866,0.71667,0.5,0,0,0.036122,0.0011915,0.075776,0.0011523,0.37671,0.35656,0.44109,0.32736,0.57463,0.52941,0.20114,0.44109,0.29862,0.1795,6
0.45059,0.76667,0.5,0,0,0.13118,0.0029818,0.088199,0.0012299,0.39814,0.37439,0.46465,0.34996,0.54291,0.54471,0.20873,0.46465,0.28836,0.17268,6
0.5415,0.7375,0.5,0,0,0.070342,0.0013681,0.024845,0.00054122,0.4206,0.3906,0.49632,0.36867,0.49254,0.59412,0.18027,0.49632,0.29951,0.16737,6
0.48221,0.73333,0.5,0,0,0.091255,0.0018654,0.077019,0.0011942,0.40899,0.38331,0.48085,0.35698,0.52612,0.57294,0.18027,0.48085,0.29855,0.17303,6
0.68775,0.7375,0.5,0,0,0.10266,0.0025949,0.052174,0.00093742,0.38885,0.36224,0.45803,0.34061,0.52612,0.55529,0.20873,0.45803,0.29629,0.16864,6
0.88933,0.6875,0.5,0,0,0.10456,0.003303,0.053416,0.0020707,0.39685,0.36791,0.47349,0.34295,0.50746,0.59294,0.16698,0.47349,0.31586,0.17164,6
0.011858,0.82917,0.5,0,0,0.1616,0.0040525,0.12795,0.0015761,0.34676,0.32253,0.41237,0.30008,0.55597,0.52824,0.22201,0.41237,0.31428,0.17287,6
0.47431,0.42083,0.5,0,0,0.081749,0.0017838,0.01118,0.00020117,0.16525,0.14182,0.21429,0.13562,0.6194,0.40588,0.35484,0.21429,0.40954,0.16098,5
0.73518,0.325,0.5,0,0,0.060837,0.0017615,0.021118,0.0005774,0.035115,0.02107,0.063328,0.018706,0.72575,0.27529,0.45731,0.063328,0.7409,0.16433,5
0.82213,0.34583,0.5,0,0,0.034221,0.00076646,0.013665,0.00035392,0.063517,0.04295,0.10088,0.043648,0.67164,0.32588,0.43074,0.10088,0.61971,0.15358,5
0.16601,0.54167,0.5,0,0,0.015209,0.00017357,0.0037267,0.0001317,0.0054222,0,0.015464,0,0.79478,0.18118,0.5389,0.015464,1,0.15945,5
0.18182,0.325,0.5,0,0,0.019011,0.00017357,0.080745,0.0027684,0.099148,0.074554,0.14654,0.072486,0.63246,0.38235,0.37951,0.14654,0.54882,0.15728,5
0.32411,0.44167,0.5,0,0,0.062738,0.0013899,0.016149,0.00035392,0.11929,0.10616,0.15243,0.096648,0.70522,0.31882,0.40797,0.15243,0.4022,0.17443,5
0.43874,0.45417,0.5,0.33333,0,0.045627,0.0010414,0.049689,0.0012323,0.15027,0.12804,0.18999,0.12938,0.63246,0.35765,0.41935,0.18999,0.38675,0.14551,5
0.37945,0.32917,0.5,0,0,0.064639,0.0025844,0.080745,0.0061366,0.14046,0.11426,0.19219,0.11068,0.60821,0.41294,0.35484,0.19219,0.46528,0.15825,5
0.36759,0.51667,0.5,0,0,0.077947,0.0012735,0.012422,0.00027785,0.015234,0.0056726,0.032401,0.0062354,0.76306,0.21765,0.51233,0.032401,0.88801,0.15667,5
0.5336,0.3375,0.5,0,0,0.27567,0.045148,0.02236,0.00012824,0.10741,0.085089,0.15022,0.083398,0.64552,0.36235,0.39848,0.15022,0.53355,0.15628,5
0.051383,0.51667,0.5,0,0,0.0095057,6.3489e-05,0.0062112,4.5417e-05,0.020139,0.012156,0.039764,0.0070148,0.77239,0.23059,0.48197,0.039764,0.83228,0.18225,5
0.3004,0.51667,0.5,0,0,0.0076046,2.9877e-05,0.0049689,2.1373e-05,0.0054222,0,0.015464,0,0.79478,0.18118,0.5389,0.015464,1,0.15945,5
0.1581,0.53333,0.5,0,0,0.0019011,1.8673e-05,0.0024845,2.1373e-05,0.0090369,0,0.025773,0,0.76866,0.21412,0.51233,0.025773,1,0.15945,5
0.13439,0.42083,0.5,0.33333,0,0.030418,0.00029877,0.012422,0.00011755,0.11283,0.088331,0.15832,0.088075,0.62873,0.37647,0.39279,0.15832,0.49253,0.15292,5
0.019763,0.35,0.5,0,0,0.026616,0.00061248,0.0086957,4.5417e-05,0.14072,0.11345,0.19072,0.1138,0.60075,0.40471,0.37571,0.19072,0.45947,0.15075,5
0.12648,0.42917,0.5,0,0,0.019011,7.4693e-05,0.01118,0.00015228,0.11232,0.0859,0.15979,0.087295,0.61567,0.38588,0.39089,0.15979,0.51092,0.15027,5
0.2253,0.41667,0.5,0,0,0.11027,0.0034807,0.045963,0.0006866,0.13478,0.11345,0.17378,0.1138,0.64366,0.35059,0.41935,0.17378,0.40923,0.14949,5
0.8498,0.27917,0.5,0,0,0.045627,0.00035852,0.096894,0.0045844,0.25174,0.22853,0.30486,0.21746,0.59328,0.44588,0.31689,0.30486,0.33971,0.16626,4
0.52174,0.475,0.5,0,0,0.04943,0.0028533,0.047205,0.00095109,0.46192,0.44571,0.5243,0.41076,0.57463,0.54,0.18406,0.5243,0.25984,0.18147,4
0.40711,0.49167,0.5,0,0,0.6597,0.029149,0.024845,0.00079079,0.26414,0.24149,0.31443,0.23227,0.59328,0.43529,0.33397,0.31443,0.32061,0.15888,4
0.47036,0.47083,0.5,0,0,0.30798,0.11352,0.24969,0.1331,0.3749,0.35737,0.4271,0.33593,0.59328,0.47059,0.27704,0.4271,0.26125,0.17238,4
0.88142,0.47083,0.5,0,0,0.10837,0.0096241,0.16522,0.050635,0.3008,0.28606,0.34904,0.26345,0.63619,0.43412,0.29222,0.34904,0.29098,0.17849,4
0.72727,0.30833,0.5,0,0,0.31749,0.082166,0.063354,0.0066282,0.34263,0.3282,0.3947,0.30086,0.625,0.46235,0.25806,0.3947,0.27873,0.18298,4
0.47826,0.49167,0.5,0,0,0.077947,0.00087017,0.44348,0.0086159,0.35554,0.34198,0.40206,0.31878,0.62687,0.43882,0.29412,0.40206,0.24809,0.17576,4
0.31621,0.28333,0.5,0,0,0.015209,7.4693e-05,0.019876,0.0004702,0.31939,0.3128,0.35714,0.28527,0.68657,0.38824,0.31499,0.35714,0.24521,0.18891,4
0.1581,0.38333,0.5,0,0,0.08365,0.0031222,0.039752,0.0010793,0.42706,0.40843,0.48675,0.38114,0.56903,0.51882,0.22391,0.48675,0.25961,0.17481,4
0.62846,0.25833,0.5,0.33333,0,0.032319,0.00033238,0.017391,0.0004702,0.41002,0.39384,0.46465,0.36711,0.59142,0.49059,0.24668,0.46465,0.25336,0.17581,4
0.32411,0.3,0.5,0.33333,0,0.026616,0.00079174,0.037267,0.0022441,0.34753,0.33549,0.3947,0.30865,0.63993,0.44,0.27894,0.3947,0.26061,0.18226,4
0.47036,0.37917,0.5,0,0,0.026616,0.00016432,0.014907,0.00012824,0.44255,0.4141,0.51105,0.39673,0.49627,0.56471,0.22391,0.51105,0.26938,0.16135,4
0.071146,0.18333,0.5,0,0,0.04943,0.0028533,0.028571,0.00062248,0.14666,0.14992,0.17673,0.11146,0.8097,0.31059,0.31499,0.17673,0.40479,0.23667,1
0.027668,0.28333,0.5,0,0,0.043726,0.0023043,0.047205,0.00037402,0.11722,0.12642,0.13918,0.084957,0.86007,0.26471,0.33776,0.13918,0.42234,0.26711,1
0.14229,0.42917,0.5,1,0,0.047529,0.0020354,0.086957,0.0027143,0.12006,0.13857,0.13328,0.088075,0.92351,0.22353,0.33966,0.13623,0.39369,0.31352,1
0.30435,0.24167,0.5,0,0,0.051331,0.001154,0.036025,0.0010392,0.16964,0.16045,0.21576,0.12938,0.71642,0.39294,0.27704,0.21576,0.43155,0.20699,1
0.34387,0.25,0.5,0.33333,0.5,0.04943,0.00079174,0.10062,0.0040955,0.15569,0.15883,0.18925,0.11691,0.80597,0.32941,0.28843,0.18925,0.4163,0.23626,1
0.34387,0.43333,0.5,0,0,0.057034,0.0018374,0.093168,0.0030376,0.15363,0.15559,0.18557,0.11769,0.79851,0.32118,0.3093,0.18557,0.39736,0.23917,1
0.11067,0.22917,0.5,0,0,0.087452,0.002181,0.048447,0.0037108,0.15776,0.15478,0.19809,0.11769,0.76306,0.36235,0.27894,0.19809,0.43825,0.22003,1
0.29249,0.23333,0.5,0,0,0.04943,0.0010158,0.040994,0.0011141,0.15518,0.16451,0.18483,0.11458,0.84888,0.31059,0.27514,0.18483,0.41484,0.25508,1
0.47826,0.33333,0.5,0,0,0.076046,0.0020466,0.048447,0.0009217,0.15673,0.16045,0.19072,0.11691,0.8097,0.33176,0.28083,0.19072,0.42072,0.23734,1
0.086957,0.3125,0.5,0,0,0.030418,0.0006573,0.038509,0.00094307,0.12962,0.13533,0.15611,0.095869,0.83209,0.28941,0.32638,0.15611,0.41792,0.25227,1
0.063241,0.22083,0.5,0,0,0.04943,0.0013743,0.037267,0.0010259,0.13168,0.12804,0.16642,0.098207,0.76679,0.32941,0.32827,0.16642,0.44109,0.21634,1
0.49802,0.45833,0.5,0,0,0.057034,0.00080668,0.04472,0.0017632,0.16112,0.15802,0.19956,0.12315,0.76119,0.35412,0.29412,0.19956,0.41552,0.21882,1
0.011858,0.31667,0.5,0.33333,0,0.095057,0.0031222,0.06087,0.0031551,0.12084,0.1329,0.13918,0.089634,0.87873,0.24824,0.34535,0.13991,0.39173,0.28973,1
0.3083,0.19167,0.5,0,0,0.058935,0.001632,0.043478,0.001424,0.18694,0.17504,0.24006,0.14186,0.69216,0.43059,0.24099,0.24006,0.44051,0.20255,1
0.083004,0.20417,0.5,0,0,0.01711,0.00030251,0.028571,0.0005263,0.13891,0.141,0.17084,0.10288,0.8041,0.31765,0.3093,0.17084,0.43048,0.23405,1
0.011858,0.12083,0.5,0,0,0.045627,0.0027338,0.024845,0.0015281,0.1198,0.11426,0.15464,0.088075,0.75746,0.32706,0.34156,0.15464,0.46306,0.21162,1
0.57708,0.24167,0.5,0,0,0.070342,0.0029317,0.042236,0.0018487,0.17893,0.17099,0.22828,0.13406,0.72201,0.41059,0.24288,0.22828,0.44486,0.21032,1
0.52569,0.3875,0.5,0,0,0.081749,0.0018561,0.059627,0.0025647,0.15182,0.15235,0.18778,0.11302,0.78918,0.34,0.28843,0.18778,0.4304,0.23074,1
0.027668,0.37917,0.5,0,0,0.064639,0.0018673,0.043478,0.0023537,0.12497,0.13533,0.14507,0.093531,0.86567,0.25765,0.34345,0.14507,0.39033,0.26813,1
0.54545,0.3125,0.5,0.33333,0,0.04943,0.0012847,0.027329,0.00095109,0.18461,0.17666,0.23196,0.14186,0.72015,0.40235,0.25806,0.23196,0.42149,0.20806,1
0.34783,0.325,0.5,0,0,0.058935,0.0029317,0.065839,0.0035078,0.15259,0.15559,0.18409,0.11613,0.80597,0.31882,0.3055,0.18409,0.40044,0.24054,1
0.37549,0.2875,0.5,0.33333,0,0.053232,0.0041977,0.055901,0.0013705,0.18125,0.17504,0.22828,0.13718,0.73321,0.4,0.24858,0.22828,0.43247,0.2133,1
0.35178,0.41667,0.5,0,0,0.057034,0.0014789,0.029814,0.00073736,0.12987,0.14425,0.14728,0.097428,0.89179,0.24588,0.33586,0.14728,0.37431,0.28714,1
0.28458,0.38333,0.5,0,0,0.043726,0.00033238,0.024845,0.0011114,0.12781,0.14019,0.14948,0.092751,0.87873,0.26588,0.31689,0.14948,0.41031,0.27646,1
0.086957,0.425,0.5,0,0,0.024715,0.0010046,0.062112,0.002009,0.1025,0.1248,0.11193,0.070928,0.95522,0.20118,0.34345,0.1215,0.45136,0.34725,1
0.11462,0.37917,0.5,0,0,0.041825,0.00011951,0.029814,0.00057706,0.14123,0.1483,0.16568,0.10834,0.83769,0.28235,0.33207,0.16568,0.38106,0.24999,1
0.57708,0.3375,0.5,0,0,0.038023,0.00043322,0.031056,0.0016163,0.16344,0.16613,0.19882,0.12315,0.80037,0.34,0.27704,0.19882,0.41436,0.23339,1
0.31621,0.3625,0.5,0.33333,0,0.041825,0.00043322,0.042236,0.0023296,0.14562,0.15316,0.17158,0.11068,0.83955,0.29059,0.31689,0.17158,0.38915,0.25438,1
0.29249,0.4,0.5,0.33333,0,0.039924,0.00034732,0.039752,0.0011114,0.11645,0.13695,0.12887,0.083398,0.93843,0.21882,0.33207,0.13108,0.39931,0.32102,1
0.34783,0.4,0.5,0.33333,0,0.04943,0.0019569,0.042236,0.001977,0.13168,0.14506,0.15169,0.097428,0.88433,0.25882,0.32258,0.15243,0.39466,0.2831,1
0.55336,0.2125,0.5,0,0,0.064639,0.0021362,0.075776,0.0045978,0.19081,0.17342,0.24963,0.14497,0.65299,0.45882,0.23529,0.24963,0.45031,0.19403,1
0.14625,0.125,0.5,0.33333,0,0.060837,0.0016881,0.037267,0.0012824,0.15673,0.15154,0.19735,0.11847,0.74813,0.36353,0.29222,0.19735,0.43205,0.21363,1
0.12253,0.14167,0.5,0,0,0.077947,0.0032006,0.073292,0.0010392,0.15285,0.14992,0.19072,0.11535,0.76493,0.34941,0.29791,0.19072,0.42817,0.21972,1
0.27273,0.25,0.5,0.33333,0,0.072243,0.0018225,0.063354,0.0014988,0.15879,0.15964,0.19661,0.11769,0.78918,0.35059,0.27135,0.19661,0.43357,0.23104,1
0.27273,0.20417,0.5,0,0,0.032319,0.001408,0.048447,0.00098582,0.16576,0.1637,0.20545,0.12549,0.76679,0.36118,0.27704,0.20545,0.42082,0.22345,1
0.3834,0.45,0.5,0.66667,0,0.04943,0.00052285,0.057143,0.0040288,0.15053,0.15559,0.18115,0.11302,0.8209,0.31412,0.29791,0.18115,0.40821,0.24598,1
0.13439,0.35417,0.5,0.33333,0,0.072243,0.0010158,0.063354,0.0027811,0.15156,0.15154,0.18409,0.11691,0.78545,0.32353,0.31879,0.18409,0.3995,0.22953,1
0.5336,0.24583,0.5,0,0,0.034221,0.00031371,0.038509,0.0015843,0.18151,0.17828,0.22533,0.13796,0.75373,0.38471,0.25237,0.22533,0.42128,0.21807,1
0.52174,0.35417,0.5,0.33333,0,0.034221,0.0010308,0.062112,0.0024258,0.15259,0.16126,0.18115,0.1138,0.84515,0.30471,0.28843,0.18115,0.40645,0.25408,1
0.91304,0.47917,0.5,0,0.5,0.081749,0.011984,0.027329,0.0045417,0.010586,0.0032415,0.023564,0.0038971,0.77985,0.19647,0.52941,0.023564,0.96581,0.15728,3
0.79051,0.45417,0.5,0.33333,0,0.13498,0.014897,0.08323,0.0069381,0.026078,0.010535,0.05081,0.014809,0.71828,0.25647,0.49526,0.05081,0.89305,0.14503,3
0.9249,0.29167,0.5,0,0,0.047529,0.00042201,0.017391,0.00021373,0.024271,0.0072934,0.049337,0.01403,0.70896,0.25765,0.50285,0.049337,0.88122,0.13364,3
0.89328,0.24167,0.5,0,0,0.12357,0.046313,0.096894,0.026256,0.077201,0.050243,0.10604,0.072486,0.62313,0.28824,0.5408,0.10604,0.60428,0.094399,3
0.9249,0.32083,0.5,0,0,0.020913,0.00024275,0.021118,0.00023777,0.019365,0.0032415,0.04271,0.010133,0.71642,0.24824,0.51044,0.04271,0.93849,0.13004,3
0.7747,0.39167,0.5,0,0,0.12738,0.015794,0.081988,0.010387,0.028918,0.012156,0.055228,0.017147,0.70896,0.26471,0.49146,0.055228,0.88605,0.14081,3
0.86957,0.41667,0.5,0,0,0.020913,0.00024275,0.0086957,0.00017365,0.0092951,0,0.02651,0,0.76679,0.21647,0.51044,0.02651,1,0.15945,3
0.84585,0.46667,0.5,0,0,0.011407,0.00013445,0.014907,3.2059e-05,0.0095533,0,0.025037,0.0023383,0.76493,0.20824,0.52562,0.025037,1,0.14678,3
0.86561,0.47083,0.5,0,0,0.0076046,2.9877e-05,0.0099379,5.3432e-05,0.0061967,0,0.0162,0.0015588,0.78918,0.18118,0.54459,0.0162,1,0.14814,3
0.9249,0.45417,0.5,0,0,0.015209,0.00034359,0.01118,0.0002164,0.01007,0,0.02651,0.0023383,0.76119,0.21294,0.52182,0.02651,1,0.14904,3
0.78261,0.37083,0.5,0,0,0.081749,0.0014528,0.054658,0.0043493,0.042344,0.020259,0.076583,0.02728,0.66791,0.30588,0.46679,0.076583,0.77382,0.13731,3
0.88142,0.25833,0.5,0,0,0.051331,0.0012884,0.052174,0.00076942,0.040537,0.017018,0.070692,0.031177,0.65858,0.28588,0.50854,0.070692,0.78993,0.11559,3
0.71937,0.27917,0.5,0,0,0.036122,0.00033238,0.017391,0.00091903,0.945,0.93841,0.97423,0.91894,0.48694,0.49529,0.34535,0.97423,0.12465,0.13743,2
1,0.19167,0.5,0,0,0.032319,0.00078053,0.031056,0.00075072,0.94655,0.94408,0.97202,0.9205,0.51493,0.47765,0.34535,0.97202,0.11873,0.14383,2
0.067194,0.0083333,0.5,0,0,0.030418,0.00020914,0.024845,0.00011755,0.9778,0.97974,0.98822,0.96337,0.53545,0.41294,0.42884,0.98822,0.09906,0.12621,2
0.67984,0.425,0.5,0,0,0.01711,0.00030251,0.029814,0.00076942,0.92796,0.90924,0.96539,0.90491,0.40858,0.53059,0.36812,0.96539,0.14413,0.12333,2
0.24901,0.033333,0.5,0,0,0.032319,0.00015312,0.037267,0.00022441,0.9605,0.95948,0.97054,0.94934,0.52052,0.40706,0.45351,0.97054,0.10151,0.11509,2
0.82213,0,0.5,0,0,0.028517,0.00025769,0.048447,0.0027811,0.98683,0.98541,0.99485,0.97818,0.50933,0.40353,0.47059,0.99485,0.099836,0.10788,2
0.96443,0.15,0.5,0,0,0.028517,0.00012324,0.02236,0.00035265,0.93958,0.9295,0.96613,0.91972,0.46455,0.48118,0.39089,0.96613,0.12571,0.12452,2
0.73123,0.14583,0.5,0,0,0.022814,0.00040334,0.023603,0.00062247,0.94475,0.94408,0.96465,0.92284,0.52799,0.45059,0.37571,0.96465,0.11065,0.13624,2
0.88538,0.045833,0.5,0,0,0.028517,0.00025769,0.016149,7.7477e-05,0.96179,0.97002,0.97423,0.9392,0.58396,0.41882,0.37002,0.97423,0.095184,0.14872,2
0.60079,0.82083,0.5,0,0,0.08365,0.0024499,0.043478,0.0022254,0.11748,0.094814,0.10604,0.15121,0.63993,0.10471,0.81973,0.14286,0.39691,0.92795,7
0.39526,0.775,0.5,0,0,0.12167,0.0076037,0.11056,0.0046299,0.14821,0.12723,0.12445,0.1933,0.64179,0.052941,0.90133,0.18262,0.39489,0.88762,7
0.7747,0.90833,0.5,0,0,0.047529,0.0015872,0.026087,0.00040875,0.12368,0.10292,0.11856,0.14887,0.65112,0.13647,0.75712,0.14065,0.33572,0.9562,7
0.079051,0.85417,0.5,0.33333,0,0.13118,0.00070584,0.018634,0.00034464,0.11541,0.095624,0.092784,0.15822,0.66045,0.050588,0.88615,0.14948,0.42678,0.88195,7
0.68379,0.69583,0.5,0,0,0.047529,0.0027076,0.1118,0.0075018,0.13633,0.12399,0.12003,0.16524,0.70522,0.085882,0.78368,0.15611,0.29896,0.89283,7
0.45455,0.975,0.5,0.33333,0,0.047529,0.00055646,0.049689,0.0028426,0.099148,0.081037,0.086892,0.12938,0.67724,0.096471,0.79507,0.12224,0.38969,0.9132,7
0.45455,0.83333,0.5,0,0,0.058935,0.0011391,0.036025,0.0012316,0.095791,0.081037,0.081738,0.12471,0.70149,0.087059,0.78558,0.11782,0.37535,0.89584,7
0.43478,0.93333,0.5,0,0,0.055133,0.0013183,0.06087,0.0018407,0.10896,0.0859,0.1053,0.13484,0.63993,0.14,0.76281,0.12739,0.3881,0.95942,7
0.77075,0.7125,0.5,0,0,0.039924,0.00043695,0.013665,0.00026983,0.13865,0.12318,0.12003,0.17303,0.68284,0.075294,0.82353,0.16348,0.3149,0.89242,7
0.63636,0.9,0.5,0,0,0.047529,0.0010046,0.070807,0.0062114,0.097341,0.073744,0.095729,0.12159,0.63993,0.14706,0.75142,0.11561,0.4255,0.96551,7
0.36759,0.52083,0.5,0,0,0.0076046,2.9877e-05,0.0049689,2.1373e-05,0.017816,0.0072934,0.038292,0.0062354,0.7556,0.23412,0.49336,0.038292,0.84709,0.16334,5
0.83004,0.53333,0.5,0,0,0.011407,8.9631e-05,0.0062112,4.5417e-05,0.036406,0.023501,0.063328,0.020265,0.73321,0.26941,0.4592,0.063328,0.6966,0.16781,5
0.7668,0.52083,0.5,0,0,0.039924,0.00052658,0.026087,0.00034463,0.017041,0.0048622,0.038292,0.0062354,0.7444,0.23765,0.49905,0.038292,0.91116,0.15341,5
0.14229,0.49583,0.5,0,0,0.026616,0.000971,0.028571,0.0006866,0.011361,0.0081037,0.019882,0.005456,0.80784,0.17529,0.5351,0.019882,0.85556,0.18204,5
0.50593,0.52083,0.5,0,0,0.068441,0.0015685,0.018634,8.8162e-05,0.043119,0.026742,0.070692,0.029618,0.70709,0.27412,0.47818,0.070692,0.65774,0.14587,5
0.62451,0.52917,0.5,0,0,0.0057034,0.00016806,0.0074534,9.6177e-05,0.01859,0.0081037,0.039028,0.0070148,0.7556,0.23412,0.49336,0.039028,0.82685,0.16223,5
0.17787,0.5,0.5,0,0,0.0095057,6.3489e-05,0.039752,0.0013358,0.0098115,0.0056726,0.018409,0.0046765,0.80224,0.17529,0.5408,0.018409,0.77037,0.16668,5
0.4664,0.52917,0.5,0,0,0.026616,0.00052285,0.016149,0.00020571,0.024787,0.012966,0.047865,0.011691,0.7444,0.24824,0.48197,0.047865,0.7795,0.16334,5
0.26482,0.51667,0.5,0,0,0.028517,0.00048177,0.0074534,0.00019235,0.043377,0.029173,0.069219,0.029618,0.72201,0.26588,0.47628,0.069219,0.61759,0.15422,5
0.38735,0.60417,0.5,0,0,0.070342,0.0026628,0.055901,0.0037429,0.1464,0.12237,0.19367,0.11925,0.62127,0.39294,0.37381,0.19367,0.43132,0.15694,4
0.16996,0.475,0.5,0,0,0.01711,0.00021287,0.0099379,0.00011755,0.12703,0.10859,0.16421,0.10522,0.66604,0.34,0.41366,0.16421,0.39869,0.15782,4
0.1581,0.57917,0.5,0,0,0.060837,0.0019569,0.048447,0.001082,0.14459,0.11831,0.19367,0.11769,0.60634,0.40118,0.37571,0.19367,0.44157,0.15265,4
0.83399,0.5875,0.5,0,0,0.1711,0.0077083,0.053416,0.0023537,0.18513,0.1483,0.24963,0.15199,0.52052,0.48471,0.32827,0.24963,0.46343,0.14747,4
0.0079051,0.33333,0.5,0,0.5,0.076046,0.005094,0.02236,0.0014106,0.039246,0.013776,0.070692,0.030398,0.64552,0.29176,0.51233,0.070692,0.82975,0.11084,3
0.3834,0.55417,0.5,0,0,0.0076046,2.9877e-05,0.0074534,6.4118e-05,0.0069713,0,0.019882,0,0.78358,0.19529,0.52751,0.019882,1,0.15945,3
0.30435,0.36667,0.5,0,0,0.055133,0.0080855,0.068323,0.010657,0.028918,0.0081037,0.059647,0.016368,0.68097,0.28588,0.48577,0.059647,0.9109,0.13237,3
0.051383,0.45417,0.5,0,0,0.011407,0.00013445,0.0099379,0.00021373,0.011103,0,0.025773,0.0062354,0.75373,0.20471,0.54269,0.025773,1,0.12229,3
0.13439,0.27083,0.5,0,0.5,0.26616,0.19381,0.17516,0.14551,0.094242,0.061588,0.12887,0.088854,0.57836,0.32,0.5351,0.12887,0.63742,0.08744,3
0.075099,0.525,0.5,0,0,0.0038023,2.9877e-05,0.0062112,1.3358e-05,0.0015492,0,0.0044183,0,0.82276,0.14588,0.56736,0.0044183,0.66667,0.15945,3
0.071146,0.55833,0.5,0,0,0.030418,0.0016881,0.047205,0.0031632,0.014459,0.0048622,0.023564,0.01403,0.76306,0.17882,0.57495,0.023564,0.45767,0.079643,3
0.0079051,0.27917,0.5,0,0.5,0.5076,0.35914,0.96894,0.47778,0.55538,0.51621,0.60604,0.53858,0.38619,0.50588,0.43074,0.60604,0.26973,0.10619,3
0.2332,0.50417,0.5,0,0,0.0038023,2.9877e-05,0.0049689,2.1373e-05,0.002582,0,0.0073638,0,0.8153,0.15529,0.55977,0.0073638,0.88889,0.15945,3
0.49802,0.29167,0.5,0,0,0.8327,0.44587,0.49441,0.18978,0.29667,0.25446,0.34315,0.28761,0.44776,0.42471,0.49905,0.34315,0.36695,0.095304,3
0.29249,0.3625,0.5,0,0,0.13498,0.046224,0.10435,0.02834,0.038471,0.017018,0.069219,0.0265,0.67351,0.28824,0.48956,0.069219,0.87215,0.12947,3
0.1502,0.275,0.5,0.33333,0,0.062738,0.0018262,0.053416,0.00055836,0.053705,0.023501,0.086892,0.047545,0.60821,0.30353,0.53131,0.086892,0.76205,0.096813,3
0.47036,0.325,0.5,0.33333,0,0.13688,0.0096354,0.13043,0.0085518,0.07307,0.042139,0.1134,0.060016,0.59701,0.34235,0.48008,0.1134,0.68669,0.1154,3
0.38735,0.50417,0.5,0,0,0.015209,0.0003884,0.012422,0.00056638,0.005164,0.00081037,0.013255,0.00077942,0.80224,0.17176,0.54649,0.013255,0.98148,0.15945,3
0.50593,0.33333,0.5,0,0.5,0.93346,0.75852,0.56522,0.27261,0.3088,0.28039,0.34904,0.29306,0.53918,0.39765,0.44972,0.34904,0.34888,0.12153,3
0.49802,0.45417,0.5,0,0,0.01711,0.00048177,0.016149,0.00043013,0.010586,0.00081037,0.027246,0.0023383,0.76306,0.21412,0.51803,0.027246,0.98413,0.15295,3
0.16206,0.52917,0.5,0,0,0.015209,0.0011951,0.0099379,0.00085491,0.0020656,0.00081037,0.0044183,0.00077942,0.82463,0.14353,0.56926,0.0044183,0.092593,0.15945,3
0.2253,0.47083,0.5,0.33333,0,0.038023,0.0011503,0.012422,0.00034196,0.0080041,0.00081037,0.018409,0.0038971,0.78172,0.18353,0.54839,0.018409,0.98413,0.14486,3
0.11462,0.33333,0.5,0,0,0.11597,0.0065169,0.073292,0.0065214,0.043635,0.017828,0.080265,0.029618,0.64179,0.31765,0.47438,0.080265,0.82302,0.12783,3
0.14229,0.45417,0.5,0,0,0.028517,0.00034732,0.023602,0.00033395,0.013426,0.0016207,0.029455,0.0077942,0.74813,0.21176,0.537,0.029455,0.96296,0.12525,3
0.20949,0.52917,0.5,0,0,0.0076046,0.00029877,0.0086957,0.00030189,0.0018074,0,0.0044183,0.00077942,0.8209,0.14471,0.57116,0.0044183,0.33333,0.14484,3
0.44269,0.35417,0.5,0,0,0.032319,0.00051164,0.024845,0.00024579,0.026594,0.0081037,0.056701,0.012471,0.69776,0.28235,0.47438,0.056701,0.87222,0.14403,3
0.46245,0.30833,0.5,0,0,0.11217,0.0044554,0.050932,0.0049184,0.057062,0.025932,0.098675,0.042868,0.60075,0.34471,0.47249,0.098675,0.77412,0.12005,3
0.18972,0.42083,0.5,0.33333,0,0.045627,0.0013893,0.034783,0.0012396,0.026594,0.0081037,0.047865,0.021824,0.69776,0.24,0.54269,0.047865,0.86766,0.10215,3
0.12253,0.35,0.5,0,0,0.043726,0.0010494,0.049689,0.0022334,0.021947,0.0056726,0.049337,0.0085737,0.71455,0.26824,0.48008,0.049337,0.9196,0.14978,3
0.26482,0.40833,0.5,0,0,0.051331,0.0032603,0.024845,0.0013679,0.013684,0.0024311,0.031664,0.005456,0.75187,0.22118,0.51803,0.031664,0.96914,0.1507,3
0.039526,0.44583,0.5,0,0,0.0095057,0.00015312,0.0086957,4.5417e-05,0.0049058,0,0.013255,0.00077942,0.79851,0.17294,0.54839,0.013255,1,0.15303,3
0.14625,0.4375,0.5,0,0,0.032319,0.00024275,0.027329,0.00079079,0.019623,0.0040519,0.037555,0.015588,0.72015,0.22235,0.54839,0.037555,0.9127,0.10474,3
0.18577,0.30833,0.5,0,0,0.10646,0.013564,0.045963,0.0049505,0.029951,0.0097245,0.05891,0.018706,0.6847,0.27765,0.49526,0.05891,0.88582,0.12971,3
0.086957,0.425,0.5,0,0,0.020913,0.00028757,0.014907,0.00035265,0.0098115,0.00081037,0.022828,0.0046765,0.76866,0.19647,0.5408,0.022828,0.98148,0.13541,3
0.53755,0.39167,0.5,0,0.5,0.36692,0.016645,0.69814,0.46917,0.29873,0.26094,0.34904,0.28137,0.47761,0.44353,0.43833,0.34904,0.37578,0.11146,3
0.51779,0.47083,0.5,0,0,0.0076046,7.4693e-05,0.0049689,5.3432e-05,0.0074877,0,0.021355,0,0.77985,0.2,0.52372,0.021355,1,0.15945,3
0.27668,0.35,0.5,0,0,0.072243,0.0036599,0.059627,0.0025647,0.066357,0.034846,0.10236,0.058457,0.59515,0.32,0.51803,0.10236,0.6989,0.10059,3
0.37549,0.45,0.5,0,0,0.011407,8.9631e-05,0.012422,0.00014961,0.01007,0,0.027982,0.00077942,0.76119,0.22,0.51044,0.027982,1,0.1562,3
0.24506,0.4625,0.5,0,0,0,0,0,1.1469e-11,0.0023238,0,0.0066274,0,0.81716,0.15294,0.56167,0.0066274,1,0.15945,3
0.18972,0.53333,0.5,0,0,0.0057034,7.8427e-05,0.0074534,6.4118e-05,0.0030984,0,0.0088365,0,0.81157,0.16,0.55598,0.0088365,0.77778,0.15945,3
0.42292,0.2,0.5,0,0,0.01711,0.00016806,0.023602,0.00020571,0.87942,0.85008,0.93078,0.85191,0.35075,0.58588,0.33776,0.93078,0.17009,0.12348,2
0.90909,0.15833,0.5,0,0,0.019011,0.0003884,0.014907,0.00019236,0.84147,0.78849,0.92342,0.80436,0.19963,0.72353,0.26945,0.92342,0.22388,0.12233,2
0.67589,0.20417,0.5,0,0,0.028517,0.00039213,0.023602,0.00023777,0.86212,0.83144,0.91679,0.83242,0.34701,0.59765,0.32258,0.91679,0.17584,0.12604,2
0.031621,0.25417,0.5,0,0,0.026616,0.00056766,0.03354,0.00053699,0.87452,0.83225,0.9352,0.84957,0.26306,0.62941,0.35674,0.9352,0.19129,0.11382,2
0.37549,0.0083333,0.5,0,0,0.028517,0.00048177,0.012422,0.00014961,0.91867,0.8906,0.9595,0.90101,0.34701,0.54471,0.40797,0.9595,0.15657,0.11045,2
0.45059,0.26667,0.5,0,0,0.032319,0.00078054,0.023603,0.00043013,0.87891,0.84522,0.93594,0.84957,0.3209,0.61294,0.32448,0.93594,0.17935,0.12329,2
0.45059,0.11667,0.5,0,0,0.024715,6.3488e-05,0.027329,0.00034196,0.88588,0.84846,0.94404,0.85892,0.29291,0.62,0.34156,0.94404,0.18324,0.11888,2
0.80632,0.15,0.5,0,0,0.041825,0.00061248,0.034783,0.00059844,0.86341,0.83225,0.92636,0.82541,0.34328,0.63765,0.26186,0.92636,0.18354,0.13502,2
0.35968,0.2375,0.5,0,0,0.036122,0.00015312,0.017391,0.0004702,0.87684,0.8436,0.93446,0.84645,0.32463,0.61529,0.31689,0.93446,0.17963,0.12483,2
0.11858,0.12917,0.5,0.33333,0,0.043726,0.00069091,0.021118,0.00055836,0.88562,0.85332,0.93962,0.85814,0.32836,0.6,0.33776,0.93962,0.17463,0.12251,2
0.19763,0.016667,0.5,0,0,0.024715,0.00028757,0.027329,0.00056638,0.92177,0.89708,0.96318,0.90023,0.3694,0.54824,0.37951,0.96318,0.15362,0.11804,2
0.66008,0.0083333,0.5,0.33333,0,0.045627,0.00044816,0.029814,0.00028853,0.90911,0.87277,0.96392,0.88465,0.29291,0.60941,0.35863,0.96392,0.17719,0.11566,2
0.075099,0.6625,0.5,0,0,0.026616,0.00079174,0.024845,0.00040608,0.13633,0.11021,0.12518,0.17303,0.61007,0.11059,0.84061,0.16348,0.38747,0.93149,7
0.90909,0.925,0.5,0,0,0.04943,0.00074693,0.026087,0.00024846,0.087787,0.06483,0.078792,0.11925,0.64739,0.10941,0.80455,0.11267,0.47822,0.92934,7
0.54941,0.70833,0.5,0.33333,0,0.028517,0.00048177,0.028571,0.0012316,0.13452,0.11264,0.12224,0.16836,0.63993,0.10471,0.81973,0.15906,0.35767,0.92378,7
0.82213,0.99167,0.5,0,0,0.08365,0.0036599,0.062112,0.0030349,0.073328,0.055105,0.053756,0.11146,0.6847,0.055294,0.85389,0.1053,0.53331,0.87313,7
0.70751,0.8875,0.5,0,0,0.12738,0.0037384,0.080745,0.0040528,0.10586,0.085089,0.088365,0.14419,0.65672,0.072941,0.85389,0.13623,0.44337,0.89688,7
0.90909,0.77917,0.5,0.33333,0,0.034221,0.00013445,0.024845,0.00088697,0.11025,0.090762,0.094256,0.14575,0.66418,0.081176,0.83302,0.1377,0.4009,0.90136,7
0.44664,0.70833,0.5,0,0,0.038023,0.0003884,0.019876,0.00079079,0.13891,0.11588,0.12445,0.17615,0.6306,0.095294,0.8444,0.16642,0.36658,0.91746,7
0.18972,0.57083,0.5,0,0,0.026616,0.00025395,0.14907,0.024108,0.11128,0.08752,0.11193,0.13328,0.63433,0.16118,0.73435,0.12887,0.40371,1,7
0.8498,0.65833,0.5,0,0,0.028517,0.00039214,0.043478,0.00030189,0.11567,0.093193,0.10383,0.14965,0.64179,0.10235,0.82163,0.14138,0.40076,0.92165,7
0.40316,0.89583,0.5,0,0,0.058935,0.0017217,0.036025,0.0012637,0.093984,0.074554,0.078792,0.1286,0.66978,0.081176,0.82732,0.1215,0.44246,0.89782,7
0.80632,0.60417,0.5,0,0,0.074144,0.0012884,0.04472,0.0016991,0.12729,0.098055,0.11487,0.16836,0.59142,0.10235,0.87287,0.15906,0.44058,0.92669,7
0.90514,0.70417,0.5,0.33333,0,0.038023,0.00052285,0.043478,0.00091101,0.096566,0.070502,0.086892,0.13172,0.62313,0.10824,0.83112,0.12445,0.48688,0.92872,7
0.92095,0.69167,0.5,0,0,0.038023,0.00047803,0.019876,0.00040608,0.11335,0.091572,0.10236,0.14575,0.64739,0.10588,0.81025,0.1377,0.3964,0.92439,7
0.56917,0.63333,0.5,0,0,0.10646,0.013609,0.41739,0.019652,0.27498,0.24797,0.31664,0.25643,0.5597,0.39647,0.43074,0.31885,0.28154,0.10389,6
0.80237,0.625,0.5,0,0,0.043726,0.00051164,0.20621,0.052727,0.30726,0.27715,0.36156,0.27825,0.52799,0.46471,0.35294,0.36156,0.3081,0.13529,6
0.75494,0.62917,0.5,0,0,0.081749,0.0022146,0.33416,0.15839,0.28195,0.25122,0.32769,0.26267,0.53172,0.41765,0.42505,0.33358,0.30781,0.078994,6
0.55731,0.63333,0.5,0,0,0.051331,0.00088511,0.39503,0.0023404,0.28195,0.25527,0.3218,0.265,0.5597,0.38941,0.44213,0.3218,0.26898,0.10936,6
0.7668,0.625,0.5,0,0,0.072243,0.0018225,0.23478,0.065873,0.28918,0.26256,0.33873,0.26189,0.55784,0.43765,0.36622,0.33947,0.29471,0.12216,6
0.73518,0.62917,0.5,0,0,0.051331,0.001154,0.26087,0.052737,0.30132,0.26823,0.35567,0.27514,0.50933,0.46353,0.37381,0.35567,0.30018,0.10954,6
0.94071,0.62083,0.5,0,0,0.062738,0.00092992,0.13292,0.0033154,0.31474,0.27634,0.3866,0.27514,0.46828,0.55059,0.27514,0.3866,0.35213,0.14793,6
1,0.61667,0.5,0,0,0.12167,0.0076037,0.33168,0.11015,0.25536,0.22853,0.30633,0.22681,0.56716,0.43647,0.35863,0.30633,0.29485,0.1221,6
0.70356,0.62917,0.5,0,0,0.06654,0.0013183,0.31429,0.0042772,0.28092,0.25284,0.32622,0.25955,0.55037,0.41529,0.40987,0.32622,0.28965,0.11802,6
0.73518,0.51667,0.5,0,0,0.11217,0.0024835,0.018634,0.00034464,0.18435,0.14749,0.24521,0.15511,0.52052,0.46706,0.35674,0.24521,0.45423,0.13971,5
0.93281,0.33333,0.5,0,0,0.020913,1.8673e-05,0.013665,0.00014159,0.084689,0.055105,0.13697,0.057677,0.60261,0.40235,0.37761,0.13697,0.63446,0.15052,5
0.79842,0.50833,0.5,0,0,0.0038023,2.9877e-05,0.0024845,2.1373e-05,0.0041312,0,0.011782,0,0.8041,0.16941,0.54839,0.011782,1,0.15945,5
0.94071,0.4125,0.5,0,0,0.0095057,6.3489e-05,0.0049689,2.1373e-05,0.06584,0.044571,0.1053,0.044427,0.66604,0.33647,0.41935,0.1053,0.62064,0.15511,5
0.64822,0.45,0.5,0,0,0.036122,0.0015872,0.032298,0.00059844,0.20553,0.16937,0.2673,0.17459,0.51866,0.47647,0.34345,0.2673,0.42571,0.14377,5
0.93281,0.3,0.5,0,0,0.024715,0.00042201,0.13043,0.015092,0.068939,0.04376,0.11267,0.046765,0.63806,0.35765,0.41366,0.11267,0.67658,0.15007,5
0.67984,0.32917,0.5,0,0,0.022814,0.00026889,0.018634,0.00024846,0.16396,0.12642,0.22828,0.13172,0.52239,0.47882,0.33586,0.22828,0.49672,0.14467,5
0.86166,0.47917,0.5,0,0,0.013308,6.3489e-05,0.31429,0.032008,0.25226,0.24473,0.28498,0.22447,0.70149,0.34824,0.36433,0.28498,0.25841,0.185,4
0.8498,0.47917,0.5,0,0,0.019011,0.00020914,0.012422,5.3432e-05,0.03434,0.047002,0.038292,0.017927,0.91045,0.15882,0.45731,0.043446,0.61111,0.36371,1
0.25296,0.55,0.5,0,0,0.011407,0.00013445,0.0099379,5.3432e-05,0.035115,0.047812,0.039028,0.018706,0.91045,0.15882,0.45731,0.044183,0.59524,0.35872,1
0.93676,0.44583,0.5,0,0,0.011407,0.00017926,0.017391,5.3432e-05,0.034857,0.045381,0.041237,0.017927,0.89552,0.17059,0.45351,0.044183,0.61706,0.33525,1
0.57312,0.5375,0.5,0,0,0.036122,0.00046683,0.02236,0.00041677,0.044152,0.057536,0.048601,0.0265,0.91231,0.16353,0.44782,0.054492,0.53702,0.35841,1
0.14229,0.47917,0.5,0,0,0.013308,6.3489e-05,0.0099379,0.00018167,0.040279,0.054295,0.044919,0.021824,0.91791,0.16353,0.44213,0.049337,0.58135,0.36067,1
0.94466,0.55833,0.5,0,0,0.013308,0.00015312,0.01118,8.8162e-05,0.028402,0.038898,0.033137,0.01325,0.89739,0.16118,0.46679,0.036082,0.65556,0.34998,1
0.11067,0.41667,0.5,0,0,0.013308,0.00024275,0.013665,0.00010954,0.037697,0.050243,0.041973,0.021044,0.90858,0.16118,0.45541,0.045655,0.56415,0.36032,1
0.2332,0.5,0.5,0,0,0.011407,8.9631e-05,0.0074534,6.4118e-05,0.036406,0.052674,0.036082,0.021044,0.9347,0.13882,0.4649,0.047865,0.58135,0.40676,1
0.41897,0.49167,0.5,0,0,0.019011,0.00056766,0.019876,0.0006305,0.046476,0.061588,0.050074,0.028059,0.92351,0.16,0.44213,0.055965,0.53056,0.36938,1
0.85375,0.55833,0.5,0,0,0.019011,0.00016432,0.016149,4.5417e-05,0.036922,0.046191,0.043446,0.021044,0.88619,0.17176,0.4611,0.046392,0.56415,0.3316,1
0.4585,0.56667,0.5,0,0,0.020913,0.0001083,0.017391,0.00040608,0.04725,0.039708,0.072901,0.02728,0.76679,0.26588,0.43074,0.072901,0.64368,0.21166,1
0.37549,0.43333,0.5,0,0,0.013308,0.00015312,0.0074534,0.00012824,0.04725,0.056726,0.056701,0.028059,0.88433,0.18824,0.43643,0.057437,0.53858,0.30786,1
0.42688,0.47917,0.5,0,0,0.028517,0.00021287,0.014907,0.00025647,0.050865,0.064019,0.054492,0.034295,0.90858,0.16118,0.45541,0.05891,0.45031,0.35767,1
0.6917,0.50417,0.5,0,0,0.01711,0.00012324,0.021118,0.00023777,0.040021,0.054295,0.041237,0.024942,0.91978,0.14706,0.46679,0.050074,0.52998,0.38917,1
0.90909,0.46667,0.5,0,0,0.022814,8.9631e-05,0.0086957,0.00010954,0.040537,0.051864,0.045655,0.024162,0.89925,0.16588,0.45731,0.048601,0.53175,0.34512,1
0.59289,0.42917,0.5,0,0,0.020913,0.00019794,0.02236,0.00038471,0.043377,0.055105,0.049337,0.025721,0.90112,0.17059,0.44782,0.052283,0.53792,0.34136,1
0.086957,0.54583,0.5,0,0,0.013308,0.0001083,0.021118,0.00026983,0.035115,0.047812,0.038292,0.019486,0.91045,0.15529,0.463,0.043446,0.57474,0.37176,1
0.56522,0.44583,0.5,0,0,0.019011,0.0003884,0.014907,0.00028853,0.044926,0.055105,0.053756,0.025721,0.88993,0.18471,0.43643,0.055965,0.56433,0.32059,1
0.89723,0.42917,0.5,0,0,0.013308,6.3489e-05,0.018634,8.8162e-05,0.041053,0.051053,0.049337,0.022603,0.88993,0.18118,0.44213,0.049337,0.56746,0.31768,1
0.37154,0.5,0.5,0,0,0.019011,0.00016432,0.029814,0.00051295,0.03718,0.050243,0.040501,0.021044,0.91231,0.15647,0.4592,0.047865,0.59281,0.36823,1
0.13043,0.43333,0.5,0,0,0.01711,0.00039214,0.017391,0.00043814,0.043894,0.053485,0.052283,0.025721,0.88619,0.18235,0.44402,0.053019,0.54189,0.31372,1
0.40711,0.47083,0.5,0,0,0.020913,0.00015312,0.014907,0.00022441,0.043119,0.055916,0.048601,0.024942,0.90858,0.16824,0.44402,0.052283,0.55004,0.35025,1
0.24111,0.46667,0.5,0,0,0.015209,0.00020914,0.01118,8.8162e-05,0.040537,0.055105,0.044183,0.022603,0.92164,0.15882,0.44592,0.050074,0.57341,0.37044,1
0.051383,0.52917,0.5,0,0,0.01711,0.00012324,0.01118,5.6103e-05,0.034599,0.049433,0.036082,0.018706,0.92537,0.14706,0.4611,0.044919,0.60384,0.3897,1
0.59289,0.55,0.5,0,0,0.013308,6.3489e-05,0.01118,2.4044e-05,0.039504,0.055105,0.04271,0.021044,0.9291,0.15647,0.44213,0.050074,0.60119,0.37727,1
0.42292,0.425,0.5,0,0,0.015209,0.00020914,0.0099379,8.5491e-05,0.038471,0.050243,0.044183,0.021044,0.90299,0.16824,0.44972,0.045655,0.56614,0.34497,1
0.051383,0.44167,0.5,0,0,0.011407,0.00013445,0.012422,5.3432e-05,0.040279,0.046191,0.050074,0.024162,0.86194,0.18824,0.4592,0.050074,0.54365,0.28376,1
0.14625,0.42083,0.5,0,0,0.019011,0.0003884,0.02236,6.4118e-05,0.043377,0.051053,0.053756,0.024942,0.87313,0.19176,0.44213,0.053756,0.55917,0.29718,1
0.76285,0.44583,0.5,0,0,0.015209,0.00011951,0.0099379,0.00011755,0.043635,0.055105,0.05081,0.024942,0.89925,0.17647,0.44023,0.051546,0.54387,0.33038,1
0.94466,0.19583,0.5,0,0,0.036122,0.00078054,0.02236,0.00051294,0.64627,0.56078,0.78571,0.57989,0.037313,0.95294,0.064516,0.78571,0.35133,0.13512,2
0.3083,0.2125,0.5,0,0,0.019011,0.0003884,0.019876,0.00043814,0.76814,0.7342,0.84242,0.72097,0.35448,0.66941,0.19924,0.84242,0.20801,0.14539,2
0.94466,0.020833,0.5,0,0,0.015209,0.00016432,0.037267,0.00083353,0.71469,0.63857,0.82842,0.66641,0.080224,0.84588,0.19355,0.82842,0.2996,0.12452,2
0.18577,0.29167,0.5,0,0,0.020913,0.00024275,0.019876,0.0003099,0.78725,0.77066,0.8542,0.7311,0.46828,0.63882,0.13283,0.8542,0.19308,0.16967,2
0.54941,0.020833,0.5,0,0,0.01711,0.00034732,0.019876,0.00027784,0.7795,0.72285,0.86892,0.73811,0.19403,0.74471,0.24099,0.86892,0.24402,0.12595,2
0.82213,0.22917,0.5,0,0,0.036122,0.00046683,0.024845,0.00043814,0.65143,0.57699,0.77761,0.58846,0.11194,0.89059,0.089184,0.77761,0.32571,0.13755,2
0.051383,0.070833,0.5,0,0,0.019011,7.4693e-05,0.027329,0.0003099,0.7702,0.71394,0.86892,0.71863,0.19963,0.78706,0.16698,0.86892,0.2533,0.1352,2
0.6087,0.2875,0.5,0,0,0.03422,0.00017926,0.032298,0.00050226,0.67157,0.6013,0.79087,0.61185,0.13433,0.86235,0.11195,0.79087,0.30906,0.1369,2
0.24506,0.091667,0.5,0,0,0.020913,0.00033238,0.016149,4.5417e-05,0.77614,0.71313,0.87482,0.7311,0.15112,0.78824,0.21442,0.87482,0.25913,0.12654,2
0.094862,0.125,0.5,0,0,0.034221,0.0005826,0.03354,0.00047287,0.7906,0.7577,0.86966,0.73733,0.35448,0.69765,0.1537,0.86966,0.20829,0.15182,2
0.40711,0.2375,0.5,0,0,0.034221,0.00058261,0.019876,0.00059844,0.73741,0.69368,0.82769,0.68277,0.29664,0.73882,0.14611,0.82769,0.23914,0.14676,2
0.78261,0.058333,0.5,0,0,0.034221,0.00085149,0.028571,0.00055836,0.72244,0.64992,0.84094,0.66563,0.10261,0.87059,0.13093,0.84094,0.29753,0.13297,2
0.20158,0.22917,0.5,0.33333,0,0.039924,0.00025769,0.040994,0.0015308,0.79628,0.77958,0.85346,0.75058,0.46455,0.59412,0.20873,0.85346,0.17413,0.15868,2
0.99209,0.25,0.5,0,0,0.024715,0.00033238,0.029814,0.00051294,0.62148,0.53079,0.76583,0.55495,0.0093284,0.97059,0.064516,0.76583,0.3701,0.13341,2
0.34783,0.13333,0.5,0,0,0.036122,0.00033238,0.019876,0.00024579,0.74697,0.68639,0.84978,0.69525,0.17724,0.80118,0.16698,0.84978,0.26602,0.13367,2
0.65613,0.19167,0.5,0,0,0.032319,0.0003772,0.017391,0.00050226,0.68732,0.61264,0.8056,0.63289,0.098881,0.86118,0.14991,0.8056,0.30881,0.13091,2
0.64427,0.14167,0.5,0,0,0.036122,0.00060128,0.02236,0.00016029,0.71056,0.64263,0.82548,0.65316,0.13806,0.85059,0.12713,0.82548,0.2925,0.13529,2
0.25296,0.24583,0.5,0,0,0.022814,0.00017926,0.024845,0.00040608,0.7844,0.75851,0.84683,0.74201,0.40485,0.61647,0.2334,0.84683,0.1861,0.14648,2
0.82213,0.99167,0.5,0,0,0.08365,0.0024051,0.064596,0.0027464,0.059644,0.058347,0.050074,0.070928,0.80597,0.1,0.65844,0.06701,0.30902,0.83295,7
0.40316,0.76667,0.5,0.33333,0,0.070342,0.0015872,0.045963,0.0027384,0.059385,0.046191,0.045655,0.086516,0.72388,0.08,0.77419,0.081738,0.50168,0.87821,7
0.45455,0.94583,0.5,0,0,0.039924,0.00088511,0.023602,0.0016484,0.059385,0.054295,0.037555,0.087295,0.77985,0.041176,0.77989,0.082474,0.54054,0.82075,7
0.83399,0.92917,0.5,0,0,0.015209,0.00011951,0.023602,0.00020571,0.049574,0.04376,0.027982,0.077942,0.77799,0.04,0.78368,0.073638,0.62132,0.81966,7
0.059289,0.97917,0.5,0.33333,0,0.081749,0.0010942,0.038509,0.0012637,0.065582,0.069692,0.06701,0.060016,0.84142,0.15412,0.5351,0.068483,0.16335,0.31118,7
0.92095,0.6375,0.5,0,0,0.01711,0.00021287,0.067081,0.0058027,0.095275,0.085089,0.099411,0.10055,0.73321,0.17412,0.6129,0.11193,0.29915,0.99373,7
0.87352,0.97083,0.5,0.33333,0,0.10076,0.00064609,0.050932,0.0015522,0.072295,0.070502,0.064801,0.081839,0.79851,0.11294,0.64516,0.078792,0.22648,0.9011,7
0.43083,0.67917,0.5,0,0,0.013308,6.3489e-05,0.038509,0.00010954,0.093984,0.079417,0.083211,0.11925,0.70336,0.10235,0.75901,0.11267,0.3593,0.91025,7
0.41897,0.89583,0.5,0,0,0.053232,0.0031222,0.079503,0.0018487,0.054738,0.042139,0.043446,0.078722,0.72948,0.090588,0.75142,0.074374,0.52688,0.89036,7
0.63241,0.6875,0.5,0,0,0.013308,0.00015312,0.026087,0.00028052,0.090627,0.073744,0.078056,0.12003,0.68843,0.092941,0.78937,0.1134,0.40773,0.904,7
0.59289,0.73333,0.5,0,0,0.041825,0.00074693,0.045963,0.00075072,0.081074,0.068071,0.064065,0.11146,0.71828,0.069412,0.79696,0.1053,0.42836,0.87311,7
0.30435,0.72917,0.5,0,0,0.096958,0.0021399,0.079503,0.0030349,0.24606,0.22771,0.29087,0.2159,0.62873,0.40471,0.34725,0.29087,0.30229,0.1652,6
0.086957,0.7375,0.5,0,0,0.057034,0.00049297,0.16522,0.026847,0.21327,0.20016,0.25037,0.18628,0.67537,0.36,0.37192,0.25037,0.28415,0.17286,6
0.13834,0.74167,0.5,0,0,0.06654,0.0024835,0.13043,0.015573,0.21869,0.20746,0.25184,0.19408,0.68657,0.34235,0.38899,0.25184,0.2663,0.17188,6
0.16206,0.7375,0.5,0,0,0.062738,0.0018262,0.031056,0.0012637,0.21456,0.20097,0.25258,0.18706,0.67164,0.36471,0.36812,0.25258,0.30175,0.17254,6
0.65217,0.70417,0.5,0,0,0.04943,0.0015984,0.16398,0.033149,0.21921,0.20908,0.25037,0.19564,0.69403,0.33294,0.39658,0.25037,0.25295,0.17176,6
0.90119,0.68333,0.5,0,0,0.039924,0.00052658,0.12671,0.018851,0.23005,0.21151,0.27172,0.20343,0.63246,0.38588,0.37381,0.27172,0.28683,0.15998,6
0.45455,0.72083,0.5,0,0,0.076046,0.0021362,0.23727,0.032521,0.22102,0.20989,0.25184,0.19875,0.68657,0.33176,0.40607,0.25405,0.25072,0.13912,6
0.24901,0.72917,0.5,0,0,0.074145,0.0019607,0.1528,0.038655,0.21456,0.20097,0.2511,0.18862,0.67164,0.35765,0.37951,0.2511,0.27673,0.16752,6
0.011858,0.74167,0.5,0,0,0.070342,0.0039176,0.26211,0.082662,0.18435,0.17099,0.2187,0.16056,0.68284,0.34,0.39658,0.2187,0.27147,0.15834,6
0.055336,0.74167,0.5,0,0,0.051331,0.00092992,0.04472,0.0020838,0.22386,0.20665,0.2673,0.19408,0.64366,0.39294,0.35104,0.2673,0.31536,0.16892,6
0.55731,0.7125,0.5,0,0,0.085551,0.0011092,0.050932,0.0026101,0.24064,0.23015,0.27982,0.20889,0.6847,0.37647,0.33586,0.27982,0.29321,0.18486,6
0.58893,0.5875,0.5,0,0,0.0038023,2.9877e-05,0.045963,0.0025781,0.0095533,0.0072934,0.015464,0.005456,0.8153,0.16235,0.54839,0.015464,0.53704,0.17406,5
0.83004,0.59583,0.5,0,0,0.0038023,2.9877e-05,0.0086957,4.5417e-05,0.0018074,0,0.0051546,0,0.8209,0.14824,0.56546,0.0051546,0.55556,0.15945,5
0.86957,0.59583,0.5,0.33333,0.5,0.14449,0.0027636,0.028571,0.00043013,0.045185,0.031605,0.071429,0.030398,0.72575,0.26824,0.46869,0.071429,0.6248,0.16052,5
0.56917,0.6,0.5,0,0.5,0.1692,0.035916,0.22236,0.087567,0.07875,0.056726,0.11635,0.060016,0.65672,0.33059,0.43833,0.11635,0.74729,0.1517,5
0.917,0.61667,0.5,0,0,0.085551,0.00052658,0.028571,0.0011354,0.046217,0.037277,0.06701,0.032736,0.75746,0.24235,0.47818,0.06701,0.54167,0.17539,4
0.12253,0.6125,0.5,0,0,0.032319,0.00087017,0.018634,0.00044081,0.055513,0.046191,0.078792,0.039751,0.75187,0.25647,0.4611,0.078792,0.52058,0.17818,4
