0.54941,0.475,0.5,0,0,0.0095057,6.3489e-05,0.014907,0.00022441,0.043119,0.053485,0.05081,0.024942,0.89179,0.17882,0.44402,0.051546,0.54563,0.32272,1
0.41107,0.53333,0.5,0,0,0.0095057,0.0001083,0.018634,0.00037669,0.042603,0.055105,0.047865,0.024942,0.90672,0.16706,0.44782,0.050074,0.53263,0.34889,1
0.1502,0.41667,0.5,0,0,0.024715,0.0003772,0.019876,0.0003099,0.042086,0.051053,0.05081,0.024162,0.88246,0.18353,0.44592,0.052283,0.56292,0.31367,1
0.039526,0.40417,0.5,0,0,0.045627,0.00080668,0.031056,0.0006866,0.12316,0.13857,0.13991,0.090413,0.90112,0.24118,0.33397,0.13991,0.38876,0.29245,1
0.33202,0.375,0.5,0,0,0.045627,0.0012997,0.028571,0.00087895,0.14846,0.15478,0.17747,0.11146,0.83022,0.30588,0.30171,0.17747,0.40479,0.2494,1
0.067194,0.55833,0.5,0,0,0.013308,1.8673e-05,0.013665,0.00026983,0.027369,0.040519,0.02651,0.015588,0.91604,0.13412,0.49146,0.036819,0.60053,0.41521,1
0.31225,0.4375,0.5,0,0,0.051331,0.001647,0.034783,0.0006305,0.1513,0.15478,0.18262,0.11458,0.8097,0.31765,0.30361,0.18262,0.40736,0.23703,1
0.0039526,0.1375,0.5,0,0,0.074145,0.0024088,0.053416,0.0011034,0.13065,0.12642,0.16716,0.095869,0.76306,0.33765,0.31879,0.16716,0.45768,0.21664,1
0.47036,0.52083,0.5,0,0,0.020913,0.00042201,0.02236,0.00032059,0.043635,0.056726,0.047865,0.0265,0.91045,0.16235,0.45161,0.053019,0.52954,0.35583,1
0.5415,0.4375,0.5,0,0,0.020913,0.00015312,0.0099379,0.00014961,0.045185,0.055105,0.054492,0.025721,0.88806,0.18706,0.43454,0.055228,0.55917,0.3111,1
0.90119,0.47083,0.5,0,0,0.030418,7.4693e-05,0.019876,0.00024579,0.041053,0.051864,0.047128,0.024162,0.89552,0.17059,0.45351,0.050074,0.54586,0.33685,1
0.083004,0.4375,0.5,0,0,0.013308,0.0001083,0.0074534,9.6177e-05,0.039246,0.049433,0.046392,0.021824,0.89179,0.17529,0.44972,0.048601,0.5754,0.32645,1
0.47431,0.20417,0.5,0,0,0.077947,0.0023491,0.064596,0.0020732,0.18642,0.1799,0.23343,0.14263,0.72948,0.40118,0.25047,0.23343,0.4223,0.21288,1
0.56917,0.37917,0.5,0,0,0.030418,0.00061248,0.058385,0.0010713,0.16086,0.16126,0.19735,0.12159,0.78545,0.34471,0.28463,0.19735,0.41776,0.2281,1
0.067194,0.52917,0.5,0,0,0.030418,0.00056766,0.018634,0.0002164,0.040021,0.053485,0.043446,0.023383,0.91418,0.15765,0.45541,0.048601,0.54387,0.36632,1
0.55731,0.091667,0.5,0,0,0.01711,0.00062882,0.01118,0.00025218,0.77098,0.70583,0.85272,0.74591,0.13806,0.70588,0.36053,0.85272,0.24778,0.1068,2
0.25692,0.125,0.5,0,0,0.020913,0.00033047,0.0086957,0.0002364,0.76478,0.69368,0.8542,0.73733,0.098881,0.74118,0.34345,0.8542,0.26205,0.10735,2
0.89723,0.0375,0.5,0,0,0.036122,0.00049475,0.018634,0.000543,0.87142,0.83144,0.93152,0.84489,0.27985,0.62588,0.34535,0.93152,0.18889,0.11687,2
0.48617,0.075,0.5,0,0,0.034221,0.00071705,0.023602,0.00065455,0.89543,0.86953,0.94698,0.86438,0.3694,0.59059,0.3112,0.94698,0.16562,0.12978,2
0.027668,0.11667,0.5,0.33333,0,0.047529,0.0011391,0.040994,0.00050493,0.79034,0.74797,0.87482,0.74045,0.28918,0.72353,0.17837,0.87482,0.22295,0.14203,2
0.023715,0.029167,0.5,0,0,0.043726,0.00073572,0.021118,0.00026983,0.96643,0.97245,0.97791,0.947,0.56716,0.41529,0.39279,0.97791,0.096352,0.13927,2
0.73913,0.12917,0.5,0,0,0.026616,0.00054888,0.037267,0.00091242,0.75936,0.69773,0.83652,0.73578,0.16604,0.68118,0.37192,0.83652,0.24193,0.1064,2
0.56126,0.054167,0.5,0,0,0.043726,0.00091498,0.019876,0.00082286,0.88975,0.85818,0.93888,0.86672,0.33209,0.57765,0.37002,0.93888,0.1694,0.11666,2
0.41897,0.041667,0.5,0,0,0.022814,0.00052071,0.026087,0.00029448,0.88381,0.84441,0.94035,0.86048,0.27985,0.61176,0.36812,0.94035,0.18402,0.11312,2
0.2332,0.17083,0.5,0,0,0.024715,0.00060128,0.017391,0.00053432,0.77821,0.73663,0.85641,0.73422,0.29851,0.69059,0.22201,0.85641,0.21838,0.13674,2
0.70356,0.375,0.5,0,0,0.015209,0.0003884,0.013665,0.00023777,0.94061,0.9222,0.9757,0.91972,0.40672,0.52235,0.3833,0.9757,0.14111,0.12011,2
0.43874,0.079167,0.5,0,0,0.019011,0.00027444,0.027329,0.00051942,0.78957,0.73501,0.8623,0.76383,0.20522,0.66706,0.35484,0.8623,0.22538,0.11061,2
0.31225,0.12083,0.5,0,0,0.020913,0.00057893,0.016149,0.00055701,0.77175,0.70178,0.85493,0.74981,0.10448,0.71294,0.3833,0.85493,0.25405,0.10232,2
0.26087,0.25,0.5,0,0,0.057034,0.00089631,0.03354,0.0002164,0.87813,0.84279,0.93373,0.85191,0.3097,0.60588,0.34725,0.93373,0.17967,0.11826,2
0.35968,0.1875,0.5,0,0,0.015209,2.9877e-05,0.018634,0.00040875,0.87839,0.84522,0.93225,0.85191,0.32463,0.59765,0.34535,0.93225,0.17606,0.12044,2
0.49012,0.14583,0.5,0.33333,0,0.020912,0.00061672,0.048447,0.00056389,0.86832,0.82253,0.93446,0.841,0.24067,0.65412,0.33966,0.93446,0.20012,0.11525,2
0.39526,0.45833,0.5,0.33333,0,0.022814,0.00085032,0.03354,0.00064068,0.023754,0.0081037,0.039764,0.021824,0.71828,0.21412,0.56357,0.039764,0.84352,0.088138,3
0.079051,0.4625,0.5,0,0,0.015209,0.00040706,0.0099379,0.00029119,0.003873,0,0.0081001,0.0031177,0.80597,0.15294,0.57306,0.0081001,0.55556,0.10066,3
0.20949,0.33333,0.5,0,0,0.04943,0.0015536,0.018634,0.00018434,0.022721,0.0040519,0.053019,0.0085737,0.69776,0.28235,0.47438,0.053019,0.94481,0.14395,3
0.31225,0.31667,0.5,0,0.5,0.8346,0.57778,1,1,0.47018,0.42869,0.52356,0.45284,0.39739,0.49882,0.43074,0.52356,0.30628,0.10443,3
0.54941,0.47083,0.5,0,0,0.034221,0.00044816,0.024845,0.00075873,0.017557,0.0016207,0.040501,0.0085737,0.71828,0.24588,0.51233,0.040501,0.97377,0.13039,3
0.28854,0.49167,0.5,0,0,0.0076046,2.9877e-05,0.0024845,2.1373e-05,0.0036148,0,0.010309,0,0.80784,0.16471,0.55218,0.010309,1,0.15945,3
0.1581,0.26667,0.5,0,0.5,0.52662,0.019296,0.59503,0.022876,0.38342,0.34603,0.43373,0.36555,0.45336,0.46353,0.43074,0.43373,0.2978,0.1154,3
0.13834,0.55833,0.5,0,0,0.0095057,0.00019794,0.028571,0.0014881,0.0059385,0.0024311,0.0095729,0.005456,0.80784,0.15059,0.57495,0.0095729,0.25185,0.08616,3
0.36759,0.55417,0.5,0,0,0.015209,0.00011951,0.01118,0.00012022,0.0080041,0,0.022828,0,0.77612,0.20471,0.51992,0.022828,1,0.15945,3
0.22925,0.36667,0.5,0,0,0.026616,0.00083656,0.02236,0.00025647,0.014201,0.00081037,0.036819,0.0031177,0.73694,0.24353,0.49715,0.036819,0.98611,0.15016,3
0.88933,0.4125,0.5,0,0,0.011407,8.9631e-05,0.01118,0.00015228,0.011619,0.00081037,0.029455,0.0031177,0.7556,0.22,0.51613,0.029455,0.97778,0.14911,3
0.90514,0.47083,0.5,0,0,0.0095057,0.0001083,0.0062112,0.00010954,0.0046476,0,0.013255,0,0.80037,0.17412,0.54459,0.013255,1,0.15945,3
0.2253,0.40833,0.5,0,0,0.030418,0.00025395,0.063354,0.0012102,0.029951,0.010535,0.055965,0.021044,0.6903,0.26353,0.51233,0.055965,0.86448,0.12765,3
0.22925,0.45417,0.5,0,0,0.074144,0.0020026,0.032298,0.0013488,0.13297,0.076985,0.21944,0.09509,0.40485,0.57765,0.29602,0.21944,0.68127,0.13647,3
0.086957,0.49167,0.5,0,0,0.01711,7.8427e-05,0.0086957,0.00010954,0.0036148,0,0.010309,0,0.80784,0.16471,0.55218,0.010309,0.77778,0.15945,3
0.86166,0.2875,0.5,0,0,0.043726,0.00033238,0.014907,0.00067324,0.27679,0.26499,0.31959,0.2424,0.66418,0.40235,0.31499,0.31959,0.28296,0.18157,4
0.5336,0.14167,0.5,0,0,0.041825,0.0015573,0.045963,0.001101,0.37,0.35089,0.42268,0.33203,0.58396,0.47176,0.28463,0.42268,0.25937,0.16759,4
0.74704,0.39167,0.5,0,0,0.064639,0.0023155,0.048447,0.0012102,0.31887,0.30065,0.37334,0.27825,0.60634,0.46824,0.26755,0.37334,0.29599,0.17595,4
0.14229,0.27917,0.5,0,0,0.034221,0.00017926,0.057143,0.0020732,0.30545,0.29984,0.34389,0.26968,0.69776,0.38824,0.30361,0.34389,0.25892,0.19442,4
0.95652,0.45417,0.5,0,0,0.15209,0.0043962,0.034783,0.0013228,0.33359,0.32658,0.37334,0.29774,0.6791,0.40118,0.30171,0.37334,0.24532,0.19028,4
0.90514,0.44167,0.5,0,0,0.11217,0.00093672,0.032298,0.00062082,0.27214,0.24473,0.3299,0.23694,0.55784,0.47294,0.3093,0.3299,0.33503,0.15746,4
0.16206,0.19167,0.5,0,0,0.047529,0.00098377,0.02236,0.00026339,0.45804,0.43355,0.52651,0.40842,0.51866,0.56824,0.19545,0.52651,0.26678,0.17014,4
0.083004,0.31667,0.5,0,0,0.064639,0.0012696,0.026087,0.00044983,0.44642,0.40681,0.5324,0.39283,0.41791,0.64941,0.16698,0.5324,0.3097,0.15766,4
0.63636,0.61667,0.5,0,0,0.074144,0.00096834,0.049689,0.0010499,0.18203,0.18395,0.19588,0.16524,0.78918,0.24118,0.44782,0.19588,0.20285,0.20844,4
0.3083,0.070833,0.5,0,0,0.14639,0.0037933,0.018634,0.00047484,0.43506,0.38979,0.5243,0.38348,0.38246,0.66235,0.18216,0.5243,0.32456,0.15104,4
0.66403,0.37917,0.5,0,0,0.034221,0.00035852,0.019876,0.00021373,0.40589,0.38979,0.46171,0.36165,0.59328,0.49529,0.23719,0.46171,0.25976,0.17772,4
0.81818,0.225,0.5,0,0,0.047528,0.0012471,0.5913,0.018421,0.3953,0.38412,0.4271,0.37178,0.6306,0.37765,0.38899,0.4271,0.19713,0.1802,4
0.74308,0.55417,0.5,0,0,0,0,0,1.1469e-11,0,0,0,0,0.83396,0.13176,0.57875,0,0,0.51105,5
0.22134,0.325,0.5,0,0,0.058935,0.0013176,0.13789,0.0033927,0.11851,0.094814,0.16274,0.09431,0.63246,0.37176,0.39658,0.16274,0.47749,0.15351,5
0.88933,0.5,0.5,0,0,0,0,0,1.1469e-11,0,0,0,0,0.83396,0.13176,0.57875,0,0,0.51105,5
0.77075,0.35,0.5,0,0,0.058935,0.0011332,0.029814,0.00091242,0.053189,0.049433,0.071429,0.037412,0.79104,0.23176,0.4611,0.071429,0.51257,0.21739,5
0.16601,0.5875,0.5,0,0,0.06654,0.0017217,0.027329,0.00059844,0.010586,0.0072934,0.019146,0.0046765,0.80784,0.17529,0.5351,0.019146,0.64868,0.1865,5
0.87352,0.2125,0.5,0,0,0.0095057,0.00025302,0.014907,0.00040234,0.044668,0.029984,0.075847,0.025721,0.71828,0.29176,0.43833,0.075847,0.68081,0.16956,5
0.075099,0.5125,0.5,0,0,0.022814,8.9631e-05,0.013665,0.00017365,0.020656,0.0081037,0.04271,0.0093531,0.74067,0.24235,0.49526,0.04271,0.82923,0.15295,5
0.72332,0.55833,0.5,0,0,0.024715,0.00061672,0.0049689,0.00019632,0.003873,0.0024311,0.0081001,0.00077942,0.82276,0.15294,0.55598,0.0081001,0.52778,0.18857,5
0.2253,0.425,0.5,0,0,0.11787,0.0012334,0.016149,0.00028109,0.14537,0.12318,0.18851,0.12081,0.63433,0.37294,0.39279,0.18851,0.41481,0.15419,5
0.62846,0.125,0.5,0,0,0.028517,0.00081643,0.0049689,0.00012416,0.0049058,0.0040519,0.0081001,0.0023383,0.82649,0.14824,0.55977,0.0081001,0.53704,0.2013,5
0.62846,0.4125,0.5,0,0,0.028517,0.00069699,0.0099379,0.00019632,0.2205,0.19854,0.26068,0.19875,0.61194,0.37647,0.40987,0.26068,0.30744,0.14386,5
0.73123,0.0041667,0.5,0,0,0.015209,0.00027444,0.052174,0.0014184,0.043635,0.028363,0.07511,0.024942,0.71455,0.29294,0.44023,0.07511,0.6873,0.16556,5
0.55731,0.41667,0.5,0,0,0.038023,0.00045922,0.012422,0.00024833,0.20036,0.17909,0.23785,0.18083,0.62313,0.35882,0.42694,0.23785,0.31548,0.14127,5
0.81028,0.20833,0.5,0,0,0.019011,0.00040706,0.01118,0.00033143,0.049316,0.034036,0.081001,0.030398,0.71269,0.29529,0.43833,0.081001,0.64589,0.16712,5
0.81423,0.43333,0.5,0,0,0.036122,0.00033238,0.0037267,2.4044e-05,0.0085205,0.0032415,0.019146,0.0023383,0.79478,0.18471,0.53321,0.019146,0.93333,0.16429,5
0.35178,0.5125,0.5,0,0,0.013308,1.8673e-05,0.021118,0.00010954,0.014717,0.0072934,0.030928,0.0046765,0.77799,0.21294,0.50474,0.030928,0.88148,0.17309,5
0.33597,0.775,0.5,0.33333,0.5,0.055133,0.0014638,0.028571,0.00079625,0.44074,0.41005,0.51546,0.39049,0.48134,0.59412,0.19165,0.51546,0.28533,0.16388,6
0.86166,0.6875,0.5,0,0.5,0.072243,0.0018734,0.11429,0.0020497,0.42035,0.38898,0.50147,0.36399,0.48321,0.62,0.14801,0.50147,0.31446,0.17015,6
0.80632,0.74583,0.5,0,0,0.043726,0.0010065,0.036025,0.00081064,0.34495,0.32658,0.40206,0.30164,0.59701,0.48706,0.24668,0.40206,0.29079,0.17738,6
0.79447,0.75833,0.5,0,0,0.038023,0.00075657,0.075776,0.0017956,0.29073,0.27634,0.33579,0.25643,0.64179,0.41647,0.31499,0.33579,0.27839,0.17647,6
0.87747,0.625,0.5,0,0,0.047529,0.0030661,0.20124,0.022377,0.29305,0.26256,0.3461,0.26578,0.52985,0.45529,0.36622,0.3461,0.30842,0.1279,6
0.41107,0.75833,0.5,0,0,0.11027,0.0019211,0.064596,0.0015706,0.41906,0.38736,0.49779,0.36555,0.48134,0.60824,0.16888,0.49779,0.30847,0.16728,6
0.3004,0.725,0.5,0,0,0.10076,0.007727,0.13913,0.023168,0.22696,0.21313,0.26289,0.20187,0.66604,0.35765,0.3852,0.26289,0.27036,0.16098,6
0.34387,0.70417,0.5,0,0,0.051331,0.00094472,0.085714,0.0020837,0.35141,0.32982,0.41311,0.30631,0.57276,0.51059,0.2334,0.41311,0.30092,0.17383,6
0.8419,0.625,0.5,0,0,0.12738,0.00073573,0.25714,0.013649,0.28195,0.2577,0.32916,0.25487,0.57649,0.42471,0.36812,0.32916,0.29806,0.1419,6
0.48617,0.75,0.5,0,0,0.11977,0.0027615,0.073292,0.0020198,0.41647,0.38574,0.49558,0.36165,0.48881,0.60941,0.15939,0.49558,0.31361,0.16934,6
0.71542,0.72917,0.5,0.33333,0,0.12548,0.002061,0.039752,0.00089536,0.33772,0.31929,0.39691,0.29228,0.59888,0.49529,0.2315,0.39691,0.30452,0.17982,6
0.59289,0.63333,0.5,0,0,0.070342,0.0023043,0.40621,0.030288,0.27885,0.25203,0.31811,0.26267,0.5597,0.38588,0.44782,0.31885,0.26385,0.08842,6
0.53755,0.7125,0.5,0,0,0.062738,0.0038878,0.080745,0.0066496,0.24348,0.22934,0.28424,0.21356,0.65858,0.38471,0.34915,0.28424,0.28576,0.17511,6
0.96047,0.7625,0.5,0,0,0.058935,0.001153,0.050932,0.0014698,0.34676,0.32415,0.40869,0.30242,0.56716,0.51059,0.23909,0.40869,0.30085,0.17163,6
0.01581,0.82917,0.5,0,0.5,0.074145,0.0016839,0.099379,0.0018851,0.3576,0.33144,0.42636,0.30943,0.53918,0.54588,0.21063,0.42636,0.31757,0.17179,6
0.46245,0.70417,0.5,0,0,0.06654,0.0014944,0.069565,0.00078528,0.3385,0.32172,0.39102,0.29852,0.61007,0.46353,0.27135,0.39102,0.27882,0.17596,6
0.80237,0.60417,0.5,0,0,0.01711,0.00028122,0.04472,0.00040234,0.16525,0.12642,0.16863,0.19875,0.51306,0.18706,0.81594,0.18778,0.38903,0.99202,7
0.2332,0.70833,0.5,0.33333,0,0.057034,0.00121,0.059627,0.0015068,0.13684,0.1248,0.11856,0.16758,0.70709,0.076471,0.79696,0.15832,0.28569,0.87857,7
0.40316,0.85417,0.5,0,0,0.030418,0.0006573,0.048447,0.00082552,0.10147,0.079417,0.090574,0.13406,0.64925,0.10353,0.81214,0.12666,0.4317,0.92195,7
0.78656,0.99583,0.5,0,0,0.077947,0.0014326,0.032298,0.00073979,0.064291,0.047812,0.048601,0.096648,0.69963,0.071765,0.81214,0.091311,0.56339,0.8792,7
0.73123,0.675,0.5,0,0,0.04943,0.00083656,0.047205,0.001432,0.11955,0.098865,0.10309,0.15666,0.65299,0.081176,0.8444,0.14801,0.39643,0.90267,7
0.24111,0.88333,0.5,0,0,0.085551,0.00577,0.037267,0.0017632,0.046476,0.035656,0.030928,0.073266,0.7444,0.068235,0.7723,0.069219,0.59315,0.85463,7
0.95257,0.71667,0.5,0,0,0.051331,0.00094472,0.048447,0.0012971,0.10715,0.092382,0.082474,0.14731,0.69776,0.038824,0.86717,0.13918,0.42024,0.85955,7
0.78656,0.85,0.5,0,0,0.053232,0.0009664,0.10559,0.001908,0.1606,0.1248,0.14948,0.20655,0.53545,0.11647,0.90702,0.19514,0.42077,0.941,7
0.22134,0.69167,0.5,0,0,0.032319,0.00055646,0.032298,0.0012396,0.13659,0.11507,0.12224,0.17225,0.64179,0.095294,0.83302,0.16274,0.35899,0.91619,7
0.91304,0.68333,0.5,0,0,0.039924,0.00062882,0.063354,0.0015638,0.10715,0.090762,0.089838,0.14108,0.68657,0.074118,0.82163,0.13328,0.38741,0.88747,7
0.11067,0.76667,0.5,0,0,0.015209,0.00040706,0.013665,0.0004908,0.1118,0.10535,0.088365,0.14263,0.75373,0.045882,0.79886,0.13476,0.34231,0.83725,7
0.36364,0.9375,0.5,0.33333,0,0.060837,0.0027188,0.04472,0.00067324,0.087271,0.069692,0.071429,0.12081,0.6847,0.076471,0.81973,0.11414,0.44725,0.89167,7
0.20158,0.6625,0.5,0,0,0.019011,0.00045922,0.021118,0.00028109,0.17738,0.14668,0.16789,0.21668,0.5653,0.12824,0.85769,0.20471,0.34911,0.94821,7
0.917,0.72083,0.5,0,0,0.01711,7.8427e-05,0.017391,0.00056638,0.082623,0.071313,0.065538,0.11146,0.72948,0.069412,0.78558,0.1053,0.40556,0.86841,7
0.93281,0.75,0.5,0,0,0.034221,0.00031371,0.03354,0.00072934,0.051123,0.038898,0.036082,0.078722,0.73321,0.071765,0.77799,0.074374,0.53582,0.86737,7
0.13834,0.96667,0.5,0.33333,0,0.064639,0.0018673,0.04472,0.00051294,0.092951,0.072123,0.080265,0.12627,0.66045,0.092941,0.81784,0.11929,0.45223,0.90865,7
0.73123,0.8625,0.5,0,0,0.039924,0.00075066,0.026087,0.00047287,0.095533,0.077796,0.083947,0.12471,0.68097,0.098824,0.78748,0.11782,0.40135,0.91106,7
0.7747,0.9375,0.5,0,0,0.08365,0.0068867,0.074534,0.0054821,0.11206,0.095624,0.11046,0.12938,0.6847,0.15059,0.70019,0.12297,0.29273,0.9794,7
0.18182,0.92083,0.5,0,0,0.043726,0.0012651,0.02236,0.00064518,0.088562,0.080227,0.059647,0.12705,0.74813,0.014118,0.85579,0.12003,0.50097,0.82589,7
0.37945,0.72917,0.5,0,0,0.039924,0.00069699,0.026087,0.00072533,0.1087,0.1013,0.078056,0.14809,0.74813,0.010588,0.86148,0.13991,0.44266,0.82392,7
0.21344,0.825,0.5,0.33333,0,0.062738,0.0013061,0.031056,0.00071999,0.087271,0.075365,0.068483,0.11847,0.72388,0.062353,0.80266,0.11193,0.4079,0.86347,7
0.071146,0.72083,0.5,0,0,0.019011,0.00034714,0.018634,0.00044983,0.099148,0.089951,0.072901,0.13562,0.73881,0.029412,0.84061,0.12813,0.43115,0.83639,7
0.84585,0.86667,0.5,0,0,0.087452,0.0022564,0.07205,0.0017972,0.092177,0.075365,0.067747,0.13406,0.68843,0.036471,0.88046,0.12666,0.4946,0.86127,7
0.44664,0.94583,0.5,0,0,0.057034,0.0011448,0.032298,0.00077042,0.095017,0.081037,0.070692,0.13406,0.70709,0.037647,0.85958,0.12666,0.46146,0.85465,7
0.11462,1,0.5,0,0,0.08365,0.0018974,0.17888,0.0011581,0.14407,0.1564,0.11782,0.15978,0.87313,0.04,0.68691,0.15096,0.23142,0.72713,7
0.13043,0.6375,0.5,0,0,0.030418,0.00040706,0.028571,0.00035392,0.079009,0.067261,0.068483,0.10133,0.72761,0.1,0.73814,0.095729,0.36792,0.89569,7
0.62055,0.76667,0.5,0,0,0.08365,0.002364,0.063354,0.0012424,0.081591,0.068882,0.056701,0.12003,0.72015,0.031765,0.85579,0.1134,0.51772,0.8487,7
0.6917,0.925,0.5,0.33333,0,0.04943,0.0011579,0.058385,0.0013721,0.087013,0.075365,0.055228,0.13172,0.72575,0,0.90133,0.12445,0.55488,0.83064,7
0.65217,0.87917,0.5,0,0,0.053232,0.00084141,0.026087,0.00044983,0.07307,0.063209,0.044183,0.11302,0.74254,0.010588,0.86717,0.10677,0.58766,0.82507,7
0.0039526,0.77917,0.5,0.33333,0,0.030418,0.00062582,0.043478,0.00097866,0.084947,0.070502,0.069956,0.11458,0.70709,0.08,0.79127,0.10825,0.41577,0.88396,7
0.33202,0.89167,0.5,0,0,0.051331,0.0010139,0.036025,0.0009302,0.11283,0.10535,0.084683,0.14965,0.74627,0.023529,0.8425,0.14138,0.40115,0.82852,7
0.93281,0.75417,0.5,0.33333,0,0.028517,0.0005523,0.098137,0.002542,0.32326,0.29984,0.38218,0.28293,0.56903,0.49059,0.26945,0.38218,0.30267,0.16736,6
0.62846,0.73333,0.5,0.33333,0,0.089354,0.0019531,0.11429,0.0025522,0.34495,0.32577,0.40353,0.30086,0.59142,0.49412,0.24099,0.40353,0.29734,0.17687,6
0.79051,0.75,0.5,0,0,0.034221,0.00076646,0.065838,0.00073588,0.34289,0.32577,0.39617,0.30242,0.60634,0.46824,0.26755,0.39617,0.27889,0.17546,6
0.72727,0.7375,0.5,0,0,0.060836,0.0011382,0.04472,0.00089966,0.34986,0.3282,0.41163,0.30475,0.57276,0.51059,0.2334,0.41163,0.30043,0.17406,6
0.25296,0.6875,0.5,0,0,0.098859,0.001483,0.03354,0.00084327,0.34676,0.32982,0.40427,0.30164,0.60634,0.48941,0.2334,0.40427,0.29479,0.18105,6
0.98814,0.76667,0.5,0,0,0.10076,0.0029024,0.085714,0.0016985,0.33411,0.31037,0.39249,0.29462,0.56343,0.49059,0.27514,0.39249,0.29187,0.16577,6
0.58498,0.7125,0.5,0.33333,0,0.10646,0.0032356,0.15652,0.0040748,0.27782,0.27147,0.3137,0.24552,0.70149,0.36941,0.33017,0.3137,0.24779,0.19741,6
0.98024,0.7875,0.5,0,0,0.087452,0.0026437,0.055901,0.00087026,0.31578,0.2966,0.36966,0.2767,0.60075,0.46471,0.27894,0.36966,0.29278,0.1725,6
0.50593,0.72083,0.5,0.33333,0,0.076046,0.00091845,0.080745,0.0013118,0.31526,0.3047,0.36082,0.2767,0.66045,0.42471,0.28273,0.36082,0.27582,0.18701,6
0.87747,0.74583,0.5,0,0,0.068441,0.0010414,0.045963,0.0010581,0.32688,0.30632,0.38292,0.28683,0.58769,0.47765,0.27135,0.38292,0.29223,0.17108,6
0.72727,0.72917,0.5,0,0,0.074144,0.0018744,0.067081,0.00097372,0.33617,0.32091,0.39028,0.29306,0.62127,0.47059,0.24858,0.39028,0.29043,0.18268,6
0.51779,0.7125,0.5,0,0,0.030418,0.00066094,0.047205,0.0012783,0.30338,0.29335,0.34831,0.265,0.66791,0.41882,0.28463,0.34831,0.28076,0.18917,6
0.65613,0.74583,0.5,0,0,0.10456,0.00086132,0.11304,0.0020083,0.35605,0.32739,0.419,0.31645,0.52239,0.51765,0.27324,0.419,0.29896,0.15638,6
0.92095,0.7625,0.5,0,1,0.04943,0.0019676,0.085714,0.0022285,0.33901,0.31361,0.39985,0.29852,0.55037,0.50353,0.26755,0.39985,0.29837,0.16323,6
0.68379,0.7375,0.5,0,0,0.098859,0.0029044,0.080745,0.0016123,0.35141,0.33144,0.4109,0.30709,0.58396,0.5,0.23909,0.4109,0.29399,0.17612,6
0.035573,0.67083,0.5,0,0,0.14639,0.0044256,0.14907,0.0053094,0.31216,0.29417,0.3623,0.27592,0.61007,0.44588,0.29981,0.3623,0.27804,0.16649,6
0.94466,0.75417,0.5,0,0,0.081749,0.00065233,0.098137,0.0017165,0.32042,0.29579,0.38513,0.27514,0.56157,0.51765,0.2334,0.38513,0.32561,0.17251,6
0.92885,0.7625,0.5,0,0,0.091255,0.0019483,0.054658,0.0012963,0.34934,0.32253,0.41384,0.30631,0.53731,0.52353,0.24858,0.41384,0.30067,0.1645,6
0.031621,0.66667,0.5,0,0,0.051331,0.0010139,0.062112,0.0011845,0.32017,0.29903,0.37923,0.27747,0.58582,0.49059,0.25237,0.37923,0.30794,0.1735,6
0.80632,0.7625,0.5,0,0,0.055133,0.0012103,0.1205,0.0021954,0.28789,0.27066,0.33432,0.25487,0.62313,0.42235,0.32448,0.33432,0.28056,0.16899,6
0.87352,0.55833,0.5,0,0,0,0,0,1.1469e-11,0,0,0,0,0.83396,0.13176,0.57875,0,0,0.51105,5
0.78656,0.083333,0.5,0,0,0.072243,0.0012334,0.11304,0.001932,0.078492,0.060778,0.10972,0.062354,0.68657,0.3,0.45731,0.10972,0.50094,0.14643,5
0.78656,0.0083333,0.5,0,0,0.060837,0.0018734,0.0062112,0.000181,0.064808,0.044571,0.1053,0.041309,0.67351,0.34118,0.40417,0.1053,0.63274,0.16285,5
0.67194,0.325,0.5,0,0,0,0,0,1.1469e-11,0,0,0,0,0.83396,0.13176,0.57875,0,0,0.51105,5
0.78656,0.56667,0.5,0,0,0.0076046,0.00054888,0.0099379,0.00049666,0.0020656,0.0016207,0.0029455,0.0015588,0.83022,0.13647,0.57495,0.0029455,0.11111,0.15945,5
0.73518,0.3125,0.5,0,0,0.036122,0.0010717,0.068323,0.0018338,0.046734,0.034036,0.072165,0.031956,0.73134,0.26471,0.46869,0.072165,0.59423,0.16615,5
0.61265,0.59583,0.5,0,0,0.0095057,0.00033047,0.017391,0.00039264,0.012135,0.0072934,0.023564,0.0046765,0.79664,0.18941,0.52372,0.023564,0.83889,0.17728,5
0.81028,0.22083,0.5,0,0,0.0019011,0.00013722,0.0062112,9.8161e-05,0.039762,0.026742,0.068483,0.021824,0.73134,0.27882,0.44592,0.068483,0.69798,0.17271,5
0.7747,0.55417,0.5,0,0,0.032319,0.00071827,0.0086957,0.00035392,0.0049058,0.0024311,0.011046,0.00077942,0.8153,0.16235,0.54839,0.011046,0.86111,0.17749,5
0.88538,0.32917,0.5,0,0,0.013308,0.00025302,0.012422,0.00032851,0.045959,0.034036,0.074374,0.02728,0.73694,0.27882,0.44023,0.074374,0.65115,0.1774,5
0.91304,0.575,0.5,0,0,0,0,0,1.1469e-11,0,0,0,0,0.83396,0.13176,0.57875,0,0,0.51105,5
0.51383,0.55417,0.5,0,0,0,0,0,1.1469e-11,0,0,0,0,0.83396,0.13176,0.57875,0,0,0.51105,5
0.66798,0.59583,0.5,0,0,0.0038023,0.00017357,0.0012422,9.8161e-05,0.0005164,0,0.0014728,0,0.83022,0.13647,0.57495,0.0014728,0.22222,0.15945,5
0.93676,0.20833,0.5,0,0,0.022814,0.00047534,0.016149,0.00035392,0.061193,0.04295,0.094993,0.042868,0.68843,0.30824,0.44213,0.094993,0.58882,0.15484,5
0.95257,0.19167,0.5,0,0.5,0.08365,0.0023735,0.20745,0.001991,0.10715,0.082658,0.13844,0.097428,0.6306,0.30706,0.50285,0.13844,0.46631,0.11308,5
0.78261,0.55417,0.5,0,0,0.011407,0.00052071,0.0074534,0.00026339,0.0030984,0.00081037,0.0073638,0.00077942,0.81716,0.15294,0.56167,0.0073638,0.74074,0.15945,5
0.63241,0.56667,0.5,0,0,0,0,0,1.1469e-11,0,0,0,0,0.83396,0.13176,0.57875,0,0,0.51105,5
0.96443,0.5375,0.5,0,0,0.0057034,0.00028122,0.013665,0.00053585,0.0028402,0.0016207,0.0051546,0.0015588,0.82463,0.14353,0.56926,0.0051546,0.24074,0.15945,5
0.85771,0.22083,0.5,0,0,0.051331,0.0011398,0.040994,0.0014164,0.055771,0.044571,0.083211,0.037412,0.73881,0.27647,0.44213,0.083211,0.57914,0.18113,5
0.71937,0.33333,0.5,0,0,0.091255,0.0009019,0.01118,0.00039509,0.1007,0.080227,0.13918,0.079501,0.66045,0.34,0.41935,0.13918,0.47678,0.15373,5
0.52174,0.54167,0.5,0,0,0.0038023,0.00017357,0.0024845,0.00012416,0.0005164,0,0.0014728,0,0.83022,0.13647,0.57495,0.0014728,0.22222,0.15945,5
0.67984,0.5875,0.5,0,0,0,0,0,1.1469e-11,0,0,0,0,0.83396,0.13176,0.57875,0,0,0.51105,5
0.77866,0.57083,0.5,0.33333,0,0.057034,0.00085032,0.024845,0.00070785,0.012393,0.0081037,0.021355,0.0070148,0.80037,0.17765,0.5389,0.021355,0.61296,0.16772,5
0.67984,0.23333,0.5,0,0,0.038023,0.0012516,0.0049689,0.00024833,0.005164,0.0056726,0.0073638,0.0023383,0.83582,0.14353,0.55787,0.0073638,0.23148,0.25711,5
0.24506,0.033333,0.5,0,0,0.08365,0.0011962,0.032298,0.00063917,0.315,0.27715,0.38954,0.27202,0.47201,0.56353,0.25047,0.38954,0.35523,0.15285,4
0.59684,0.3625,0.5,0,0,0.23954,0.0039198,0.023602,0.00055701,0.20062,0.18152,0.24595,0.17069,0.63806,0.39647,0.35104,0.24595,0.3464,0.16809,4
0.20158,0.091667,0.5,0,0,0.47529,0.013133,0.0062112,0.000181,0.24968,0.22853,0.30191,0.21434,0.60821,0.44118,0.3093,0.30191,0.33727,0.17019,4
0.28063,0.0875,0.5,0.33333,0.5,0.13498,0.0027258,0.050932,0.0014218,0.39298,0.35413,0.48233,0.33515,0.4403,0.65294,0.13852,0.48233,0.34441,0.16512,4
0.30435,0.30833,0.5,0,0,0.18821,0.0021231,0.14534,0.0033169,0.34082,0.30956,0.40795,0.2993,0.50933,0.53412,0.25996,0.40795,0.31523,0.15895,4
0.0039526,0.35,0.5,0.33333,0,0.070342,0.0013515,0.019876,0.00065702,0.38781,0.34603,0.47496,0.33515,0.42164,0.64118,0.17647,0.47496,0.33776,0.15719,4
0.90119,0.37917,0.5,0,0,0.030418,0.0007261,0.17764,0.0039139,0.29822,0.26985,0.36082,0.25877,0.54291,0.50235,0.27704,0.36082,0.31827,0.16042,4
0.31225,0.275,0.5,0,0,0.047528,0.0010717,0.014907,0.00040234,0.41208,0.37277,0.49043,0.36633,0.43097,0.60471,0.22581,0.49043,0.31069,0.15128,4
0.42688,0.41667,0.5,0,0,0.04943,0.0010978,0.03354,0.0010618,0.40279,0.37439,0.47496,0.35308,0.50933,0.57294,0.19734,0.47496,0.29889,0.16771,4
0.66798,0.45833,0.5,0,0,0.074145,0.0018502,0.06087,0.0013889,0.22566,0.20908,0.26878,0.19564,0.64739,0.39176,0.34915,0.26878,0.31343,0.17122,4
0.35573,0.22083,0.5,0,0,0.032319,0.00071827,0.023602,0.00073588,0.43222,0.39141,0.51767,0.38036,0.41418,0.64353,0.18027,0.51767,0.31426,0.15547,4
0.18182,0.35417,0.5,0,0,0.032319,0.00057893,0.018634,0.000543,0.43171,0.39708,0.51031,0.38114,0.45709,0.61059,0.18975,0.51031,0.29722,0.16034,4
0.1502,0.025,0.5,0,0,0.038023,0.0010978,0.019876,0.00058238,0.49626,0.46191,0.57879,0.44115,0.43843,0.64471,0.1537,0.57879,0.28487,0.16268,4
0.45455,0.475,0.5,0,0,0.096958,0.00072868,0.045963,0.00041414,0.42474,0.38331,0.50663,0.37724,0.41231,0.62471,0.21252,0.50663,0.31721,0.15095,4
0.44269,0.46667,0.5,0.33333,0,0.04943,0.00062582,0.043478,0.0012393,0.41363,0.37844,0.48895,0.36711,0.45896,0.59059,0.22011,0.48895,0.29916,0.1565,4
0.6996,0.058333,0.5,0,0,0.024715,0.00033047,0.034783,0.00089536,0.31242,0.28849,0.36451,0.27981,0.56903,0.45529,0.32638,0.36451,0.28458,0.15535,4
0.89328,0.1375,0.5,0.33333,0,0.019011,0.00040706,0.036025,0.00071999,0.33333,0.3128,0.38439,0.29852,0.58582,0.45529,0.3093,0.38439,0.27199,0.16347,4
0.21344,0.55833,0.5,0,0,0.173,0.0030019,0.02236,0.00030414,0.18668,0.17666,0.22091,0.15978,0.70522,0.34,0.37381,0.22091,0.31534,0.18626,4
0.29249,0.32917,0.5,0.33333,0,0.14259,0.0030269,0.063354,0.0019987,0.33617,0.30065,0.40722,0.29462,0.48134,0.55176,0.25996,0.40722,0.32763,0.15316,4
0.54941,0.4375,0.5,0.33333,0,0.060837,0.0012334,0.012422,0.000362,0.32636,0.30875,0.37482,0.2915,0.60821,0.44118,0.3093,0.37482,0.26456,0.16881,4
0.32411,0.55,0.5,0,0,0.043726,0.0011131,0.027329,0.00039264,0.35115,0.31361,0.42931,0.30398,0.46269,0.58941,0.21822,0.42931,0.34123,0.157,4
0.26087,0.095833,0.5,0,0,0.038023,0.0012334,0.012422,0.00042106,0.37826,0.33712,0.46613,0.32424,0.4291,0.64235,0.16698,0.46613,0.34747,0.15943,4
0.075099,0.4625,0.5,0,0,0.053232,0.0011963,0.039752,0.0010717,0.42344,0.37601,0.51841,0.36789,0.37127,0.68706,0.1537,0.51841,0.34236,0.15374,4
0.59289,0.49167,0.5,0,0,0.27567,0.0082096,0.016149,0.00059709,0.22334,0.20097,0.27246,0.19252,0.60821,0.42,0.34345,0.27246,0.33841,0.16207,4
0.2253,0.4625,0.5,0,0,0.070342,0.0022338,0.13665,0.0021755,0.23832,0.21313,0.29381,0.20343,0.58396,0.45412,0.31309,0.29381,0.34965,0.16273,4
0.39921,0.1625,0.5,0,0,0.055133,0.0010717,0.029814,0.000627,0.42422,0.38655,0.50221,0.37724,0.43843,0.60588,0.21632,0.50221,0.30477,0.15356,4
0.42292,0.4875,0.5,0,0,0.24144,0.0044051,0.037267,0.00076035,0.37129,0.33793,0.44477,0.32502,0.48507,0.57176,0.22391,0.44477,0.31293,0.15986,4
0.61265,0.15833,0.5,0,0,0.036122,0.00057893,0.027329,0.00039264,0.26517,0.26013,0.29234,0.24084,0.71455,0.32471,0.38899,0.29234,0.22119,0.18373,4
0.89328,0.50417,0.5,0,0,0.22814,0.001394,0.029814,0.0007293,0.27033,0.2423,0.32622,0.23772,0.5541,0.46353,0.32827,0.32622,0.32577,0.15355,4
0.28854,0.48333,0.5,0,0,0.1654,0.0036804,0.037267,0.00089966,0.31552,0.28768,0.37997,0.27358,0.54104,0.51529,0.25806,0.37997,0.31732,0.16505,4
0.19763,0.41667,0.5,0,0,0.55513,0.016581,0.0099379,0.00024833,0.2378,0.22123,0.27982,0.20889,0.64366,0.38941,0.35674,0.27982,0.29035,0.17433,4
0.59684,0.3,0.5,0,0,0.15209,0.0013389,0.021118,0.0004908,0.18487,0.17018,0.22018,0.16134,0.67351,0.34471,0.39848,0.22018,0.30741,0.16468,4
0.73518,0.26667,0.5,0,0,0.053232,0.00091845,0.12671,0.0034644,0.27679,0.26094,0.31959,0.2463,0.63619,0.40235,0.34345,0.31959,0.27506,0.16918,4
0.29249,0.225,0.5,0,0,0.085551,0.0011198,0.034783,0.00067439,0.40253,0.36791,0.48159,0.35152,0.46642,0.60588,0.18786,0.48159,0.31478,0.16226,4
0.18182,0.45833,0.5,0,0,0.030418,0.0010342,0.10932,0.0023146,0.37413,0.34198,0.4433,0.33125,0.49254,0.55176,0.24858,0.4433,0.30067,0.15679,4
0.067194,0.13333,0.5,0,0,0.064639,0.001787,0.034783,0.00088235,0.45107,0.40032,0.54713,0.39751,0.33955,0.69882,0.16698,0.54713,0.33512,0.14834,4
0.071146,0.50833,0.5,0,0,0,0,0,1.1469e-11,0,0,0,0,0.83396,0.13176,0.57875,0,0,0.51105,3
0.14229,0.3875,0.5,0,0,0.26806,0.0097942,0.49441,0.015594,0.12987,0.10859,0.15538,0.12315,0.64552,0.28471,0.52372,0.15538,0.60761,0.10394,3
0.079051,0.22083,0.5,0,0,0.55703,0.013057,0.45217,0.012716,0.21611,0.1799,0.25184,0.21278,0.51493,0.35412,0.54459,0.25184,0.40075,0.075605,3
0.35178,0.4625,0.5,0.33333,0,0.057034,0.0014101,0.026087,0.00049859,0.11283,0.074554,0.16789,0.091193,0.53358,0.42235,0.41556,0.16789,0.58474,0.13378,3
0.48617,0.425,0.5,0,0,0.013308,0.00039294,0.0062112,0.0002364,0.0067131,0,0.018409,0.00077942,0.78545,0.18941,0.5351,0.018409,1,0.1546,3
0.35573,0.45417,0.5,0,0,0.047529,0.00093672,0.013665,0.00055701,0.11748,0.081848,0.17084,0.09509,0.55037,0.41529,0.40987,0.17084,0.56216,0.13655,3
0.47431,0.45417,0.5,0,0,0.032319,0.00025302,0.016149,0.00063464,0.024529,0.0081037,0.043446,0.020265,0.71269,0.22824,0.54649,0.043446,0.83995,0.10247,3
0.45059,0.41667,0.5,0,0,0.019011,0.00040706,0.043478,0.00075142,0.12574,0.070502,0.19956,0.10055,0.41231,0.51529,0.38899,0.19956,0.67951,0.11934,3
0.38735,0.49583,0.5,0,0,0.019011,0.00045922,0.012422,0.00039264,0.0095533,0.00081037,0.022091,0.0046765,0.77052,0.19412,0.54269,0.022091,0.97778,0.13517,3
0.075099,0.24583,0.5,0,0,0.39354,0.0088412,0.17764,0.0049892,0.12962,0.099676,0.15832,0.12783,0.58582,0.3,0.55977,0.15832,0.47688,0.076396,3
0.4664,0.43333,0.5,0,0.5,0.08365,0.0015861,0.1118,0.0021181,0.052672,0.025932,0.08542,0.043648,0.63246,0.30118,0.51044,0.08542,0.76724,0.10966,3
0.086957,0.3375,0.5,0,0.5,0.14068,0.0046751,0.15652,0.0041031,0.088304,0.064019,0.12371,0.074045,0.63806,0.32235,0.47059,0.12371,0.5649,0.1282,3
0.29249,0.425,0.5,0,0.5,0.10076,0.0041571,0.13789,0.0044899,0.19442,0.1248,0.29308,0.15666,0.29104,0.65059,0.29412,0.29308,0.62207,0.12549,3
0.17391,0.47917,0.5,0,0,0.23954,0.0039024,0.057143,0.0012963,0.071004,0.035656,0.11414,0.059236,0.56716,0.35529,0.48956,0.11414,0.73643,0.099777,3
0.12648,0.37083,0.5,0,0,0.024715,0.00053849,0.014907,0.00026339,0.0085205,0.00081037,0.018409,0.005456,0.77799,0.18118,0.55598,0.018409,0.97778,0.1187,3
0.27273,0.4625,0.5,0,0,0.12548,0.0040669,0.091925,0.0027274,0.13865,0.13047,0.16642,0.11691,0.73321,0.29765,0.41366,0.17526,0.40249,0.25248,3
0.051383,0.32917,0.5,0.33333,0,0.10076,0.0024554,0.074534,0.0023163,0.034857,0.018639,0.048601,0.035853,0.71082,0.20588,0.58444,0.048601,0.72529,0.067955,3
0.031621,0.27083,0.5,0,0,0.043726,0.0014326,0.037267,0.001343,0.017041,0.006483,0.030928,0.012471,0.7556,0.20235,0.54459,0.030928,0.87222,0.11808,3
0.063241,0.3625,0.5,0.33333,0,0.024715,0.00071827,0.014907,0.00052678,0.010586,0.0024311,0.019146,0.0093531,0.77425,0.17529,0.56926,0.019146,0.91667,0.10415,3
0.094862,0.52917,0.5,0.33333,0,0.043726,0.001153,0.016149,0.00035392,0.036148,0.014587,0.061856,0.029618,0.67351,0.26353,0.52941,0.061856,0.79001,0.107,3
0.34387,0.52083,0.5,0,0,0.062738,0.0011595,0.045963,0.0015239,0.055771,0.029984,0.087629,0.046765,0.63806,0.29765,0.51044,0.087629,0.69509,0.10602,3
0.019763,0.44583,0.5,0,0,0.0019011,0.00013722,0.0012422,9.8161e-05,0.0002582,0,0.00073638,0,0.83209,0.13412,0.57685,0.00073638,0.11111,0.15945,3
0.12648,0.54583,0.5,0,0,0.064639,0.0013886,0.019876,0.0010163,0.026853,0.012156,0.047865,0.018706,0.72388,0.23882,0.51803,0.047865,0.81358,0.12819,3
0.36759,0.48333,0.5,0,0,0.026616,0.00050604,0.017391,0.00049666,0.019107,0.0040519,0.036819,0.014809,0.72388,0.22118,0.54649,0.036819,0.91534,0.10664,3
0.4585,0.525,0.5,0,0,0.0095057,0.00039294,0.0086957,0.000181,0.0054222,0,0.014728,0.00077942,0.79478,0.17765,0.54459,0.014728,1,0.1546,3
0.26482,0.43333,0.5,0,0,0.11407,0.0031315,0.06087,0.0020141,0.18151,0.13452,0.25847,0.14497,0.45149,0.54353,0.30361,0.25847,0.52354,0.16008,3
0.33202,0.47083,0.5,0,0,0.041825,0.00094273,0.053416,0.001211,0.10225,0.055105,0.15979,0.086516,0.47575,0.43176,0.4592,0.15979,0.69112,0.1087,3
0.075099,0.44167,0.5,0,0,0,0,0,1.1469e-11,0,0,0,0,0.83396,0.13176,0.57875,0,0,0.51105,3
0.32411,0.070833,0.5,0,0,0.013308,0.00013722,0.019876,0.00032851,0.7875,0.72528,0.86892,0.75994,0.15299,0.70824,0.34156,0.86892,0.24151,0.11018,2
0.25692,0.40833,0.5,0,0,0.028517,0.00081643,0.02236,0.00060828,0.71443,0.65235,0.81001,0.67186,0.17724,0.75882,0.23529,0.81001,0.26812,0.12534,2
0.45059,0.29167,0.5,0,0,0.024715,0.00065233,0.016149,0.00028109,0.73845,0.67018,0.82769,0.7085,0.12687,0.73412,0.32638,0.82769,0.26422,0.11112,2
0.68775,0.0125,0.5,0,0,0.030418,0.00081411,0.027329,0.00056218,0.79344,0.73015,0.87555,0.76617,0.14366,0.71294,0.34345,0.87555,0.24216,0.10964,2
0.3083,0.19583,0.5,0,0,0.036122,0.00053849,0.023603,0.0004908,0.76039,0.70259,0.838,0.73266,0.19216,0.68353,0.34156,0.838,0.23814,0.11231,2
0.071146,0.070833,0.5,0,0,0.039924,0.0012887,0.024845,0.00085574,0.77743,0.70097,0.86966,0.75214,0.057836,0.75765,0.35863,0.86966,0.26754,0.10378,2
0.99605,0.0875,0.5,0,0,0.01711,0.00059179,0.029814,0.00040234,0.8141,0.7577,0.88365,0.79345,0.1847,0.65765,0.39089,0.88365,0.22075,0.10459,2
0.45455,0.17917,0.5,0,0,0.020913,0.00044675,0.038509,0.00067008,0.75884,0.70583,0.83579,0.7272,0.22575,0.68,0.31309,0.83579,0.23222,0.11883,2
0.83794,0.0125,0.5,0,0,0.036122,0.00057893,0.037267,0.00096177,0.81565,0.76013,0.88881,0.79034,0.1903,0.67529,0.35674,0.88881,0.22286,0.10976,2
0.91304,0.083333,0.5,0,0,0.019011,0.00034714,0.017391,0.00024833,0.80145,0.74311,0.8785,0.77475,0.17537,0.69059,0.34725,0.8785,0.23132,0.11068,2
0.22134,0.325,0.5,0.33333,0,0.019011,0.00027444,0.028571,0.00055701,0.73948,0.67909,0.83137,0.69914,0.18097,0.74706,0.25047,0.83137,0.25775,0.12389,2
0.63636,0.0125,0.5,0,0,0.032319,0.00053849,0.013665,0.00051382,0.78595,0.72204,0.86598,0.7615,0.14179,0.70118,0.36433,0.86598,0.24229,0.10664,2
0.70356,0.21667,0.5,0,0,0.03422,0.00052071,0.13913,0.0040937,0.73612,0.67585,0.81664,0.70772,0.18284,0.69176,0.33776,0.81664,0.24814,0.11229,2
0.61265,0.70833,0.5,0,0,0.01711,0.00035252,0.03354,0.00036465,0.081332,0.06564,0.064801,0.1138,0.69963,0.071765,0.81214,0.10751,0.44598,0.8815,7
0.52964,0.83333,0.5,0,0,0.064639,0.0013389,0.048447,0.00082944,0.12523,0.10535,0.10825,0.16212,0.65672,0.08,0.8425,0.15317,0.37555,0.9018,7
0.40316,0.67917,0.5,0.33333,0,0.04943,0.0011772,0.037267,0.00091242,0.16163,0.15073,0.13181,0.20343,0.70709,0.027059,0.87666,0.19219,0.32797,0.85247,7
0.13439,0.65,0.5,0,0,0.055133,0.00093672,0.03354,0.00081538,0.13271,0.12237,0.10383,0.17303,0.72015,0.024706,0.86717,0.16348,0.3655,0.84204,7
0.71542,0.775,0.5,0.33333,0,0.074145,0.00069699,0.053416,0.0011422,0.089595,0.076175,0.084683,0.10756,0.71269,0.12941,0.70588,0.10162,0.32207,0.95228,7
0.56917,0.6625,0.5,0,0,0.043726,0.00057893,0.027329,0.00062082,0.11438,0.093193,0.11193,0.13718,0.65112,0.14706,0.74004,0.1296,0.34672,0.97055,7
0.90514,0.62917,0.5,0,0,0.057034,0.0010839,0.021118,0.00041414,0.12084,0.10049,0.1053,0.15666,0.65485,0.085882,0.83491,0.14801,0.38252,0.90563,7
0.84585,0.93333,0.5,0,0,0.047529,0.0010717,0.023602,0.00035392,0.064033,0.049433,0.053019,0.089634,0.71269,0.094118,0.76281,0.084683,0.48219,0.89898,7
0.54941,0.625,0.5,0,0,0.0095057,0.00033047,0.017391,0.00044768,0.10973,0.090762,0.094993,0.14341,0.66791,0.087059,0.81973,0.13549,0.39096,0.90475,7
0.87352,0.74167,0.5,0,0,0.028517,0.0010139,0.02236,0.00086024,0.12058,0.10616,0.09352,0.1629,0.6959,0.030588,0.88235,0.1539,0.41042,0.85696,7
0.62451,0.39167,0.5,0,0,0.019011,0.00050604,0.089441,0.001317,0.18642,0.16451,0.22533,0.16602,0.62313,0.36235,0.42125,0.22533,0.33749,0.14299,5
0.79447,0.49167,0.5,0,0,0.0076046,0.00054888,0.077019,0.0027443,0.016008,0.017828,0.016937,0.01325,0.84142,0.14,0.55787,0.017673,0.096561,0.32615,5
0.96047,0.39167,0.5,0,0,0.20342,0.0049646,0.03354,0.00058403,0.15828,0.13938,0.19588,0.1364,0.65299,0.34941,0.41176,0.19588,0.3645,0.15422,5
0.8419,0.40417,0.5,0,0,0.022814,0.0003682,0.014907,0.00021506,0.118,0.098865,0.15538,0.096648,0.66418,0.33882,0.41746,0.15538,0.42167,0.15554,5
0.8419,0.30417,0.5,0,0,0.0076046,0.00027444,0.0099379,0.00024833,0.1198,0.094814,0.16495,0.095869,0.62313,0.37647,0.39848,0.16495,0.47722,0.14963,5
0.74308,0.4,0.5,0,0,0.091255,0.00070505,0.018634,0.00052127,0.19365,0.17099,0.2327,0.17381,0.61567,0.36471,0.42505,0.2327,0.33241,0.14147,5
0.69565,0.49583,0.5,0,0,0.0019011,0.00013722,0.0049689,0.00019632,0.0082623,0.0048622,0.019146,0,0.80784,0.18588,0.51803,0.019146,1,0.1986,5
0.61265,0.3125,0.5,0,0,0.077947,0.00039294,0.0062112,0.000181,0.14253,0.11588,0.18925,0.11847,0.60448,0.38941,0.39658,0.18925,0.4447,0.14537,5
0.61265,0.28333,0.5,0,0.5,0.06654,0.0024738,0.10683,0.0025157,0.09889,0.076985,0.13623,0.080281,0.65112,0.33412,0.43833,0.13623,0.48504,0.14578,5
0.62451,0.3,0.5,0,0,0.013308,0.00025302,0.0062112,0.000181,0.12703,0.097245,0.1782,0.10133,0.58769,0.40706,0.3852,0.1782,0.50381,0.14536,5
0.90514,0.425,0.5,0,0,0.038023,0.00050604,0.012422,0.00039264,0.15053,0.13209,0.18483,0.13172,0.65858,0.33176,0.43454,0.18483,0.35008,0.14782,5
0.63241,0.51667,0.5,0,0,0.0019011,0.00013722,0.0024845,0.00012416,0.0087787,0.0056726,0.019882,0,0.8097,0.18706,0.51423,0.019882,1,0.20514,5
0.98419,0.5,0.5,0,0,0,0,0,1.1469e-11,0,0,0,0,0.83396,0.13176,0.57875,0,0,0.51105,5
0.74308,0.2375,0.5,0,0,0.057034,0.0016328,0.024845,0.00096975,0.26904,0.27958,0.28056,0.2463,0.8209,0.25059,0.40038,0.28056,0.17045,0.23828,4
0.94071,0.525,0.5,0,0,0.060836,0.0013722,0.077019,0.00078528,0.28479,0.29092,0.30044,0.26189,0.78545,0.27412,0.39848,0.30044,0.17607,0.21592,4
0.63241,0.25833,0.5,0,0,0.028517,0.00050975,0.013665,0.00028109,0.30571,0.31361,0.32327,0.27903,0.79104,0.28824,0.37002,0.32327,0.18438,0.22223,4
0.83399,0.2375,0.5,0.33333,0,0.098859,0.0021008,0.040994,0.00067581,0.26465,0.27391,0.27614,0.24318,0.81343,0.24941,0.40987,0.27614,0.16791,0.23243,4
0.65217,0.22917,0.5,0,0,0.026616,0.00066093,0.11801,0.0035774,0.29021,0.29579,0.30707,0.26656,0.77985,0.28118,0.39279,0.30707,0.17887,0.21751,4
0.6087,0.48333,0.5,0,0,0.074144,0.0017237,0.3441,0.0029893,0.25458,0.26175,0.27172,0.22915,0.80224,0.27412,0.3814,0.27172,0.20454,0.22956,4
0.92885,0.275,0.5,0,0,0.75856,0.015602,0.17267,0.0060397,0.22851,0.22042,0.24963,0.21356,0.70522,0.28706,0.4592,0.24963,0.22524,0.15459,4
0.57312,0.35833,0.5,0,0,0.34601,0.0046363,0.013665,0.00041414,0.33437,0.33549,0.36009,0.30553,0.73507,0.33412,0.35294,0.36009,0.19712,0.20203,4
0.96443,0.25833,0.5,0,0,0.28137,0.0063264,0.23975,0.0055405,0.32533,0.2342,0.46465,0.265,0.10075,0.87647,0.12334,0.46465,0.54903,0.13312,3
0.92095,0.066667,0.5,0.33333,0,0.028517,0.00062882,0.045963,0.00097866,0.85515,0.81361,0.919,0.82619,0.27425,0.64,0.32827,0.919,0.19542,0.11914,2
0.42292,0.26667,0.5,0.33333,0,0.022814,0.00047534,0.24845,0.007224,0.81358,0.77229,0.88144,0.7802,0.28918,0.64941,0.29791,0.88144,0.20299,0.12569,2
0.28458,0.083333,0.5,0,0,0.019011,0.00045922,0.019876,0.00024833,0.88433,0.84279,0.94845,0.85503,0.26493,0.64824,0.32448,0.94845,0.19246,0.11908,2
0.059289,0.16667,0.5,0,0,0.024715,0.00044675,0.018634,0.00052127,0.85722,0.80713,0.93299,0.82385,0.21455,0.69765,0.29602,0.93299,0.21381,0.11982,2
0.47036,0.16667,0.5,0,0,0.036122,0.00071827,0.045963,0.00053585,0.86729,0.82577,0.9352,0.83398,0.27052,0.66235,0.29602,0.9352,0.19757,0.12404,2
0.16996,0.091667,0.5,0,0,0.039924,0.00094472,0.023602,0.00061615,0.87761,0.8363,0.93962,0.85035,0.26866,0.63647,0.33966,0.93962,0.19121,0.11687,2
0.97233,0.1625,0.5,0,0,0.015209,0.00027444,0.017391,0.00024833,0.84482,0.7966,0.92047,0.80982,0.23134,0.69412,0.28463,0.92047,0.21354,0.12287,2
0.49407,0.0375,0.5,0,0,0.03422,0.0012025,0.026087,0.00082944,0.88226,0.8436,0.9433,0.85347,0.28545,0.63294,0.32827,0.9433,0.18729,0.12023,2
0.56126,0.095833,0.5,0,0,0.036122,0.00093671,0.031056,0.00063464,0.87477,0.82901,0.94109,0.84723,0.23881,0.65647,0.33776,0.94109,0.19952,0.11532,2
0.35968,0.1375,0.5,0.33333,0,0.024715,0.00057893,0.026087,0.00075654,0.86316,0.82739,0.91532,0.841,0.31157,0.58588,0.37761,0.91532,0.17843,0.11364,2
0.81028,0.079167,0.5,0,0,0.026616,0.00050604,0.018634,0.00039509,0.8598,0.82253,0.92563,0.82463,0.30224,0.65059,0.28273,0.92563,0.19251,0.12837,2
0.48617,0.79167,0.5,0,0,0.06654,0.0019761,0.045963,0.00094255,0.12471,0.10211,0.098675,0.17381,0.63806,0.036471,0.93169,0.16421,0.43972,0.87653,7
0.56917,0.5875,0.5,0,0,0.024715,0.001153,0.062112,0.00079987,0.17454,0.14344,0.17084,0.20811,0.56343,0.15529,0.81594,0.19661,0.33799,0.96956,7
0.27668,0.73333,0.5,0,0,0.068441,0.0016466,0.079503,0.0013488,0.13013,0.10697,0.10751,0.17615,0.63246,0.054118,0.90892,0.16642,0.43121,0.88951,7
0.10672,0.62917,0.5,0.33333,0,0.039924,0.00062882,0.032298,0.00095776,0.17506,0.14344,0.17305,0.20733,0.5597,0.16353,0.80645,0.19588,0.33513,0.97592,7
0.031621,0.70417,0.5,0,0,0.039924,0.00072868,0.026087,0.00070921,0.15724,0.12723,0.1458,0.19797,0.57649,0.11412,0.86907,0.18704,0.38143,0.93775,7
0.60079,0.80417,0.5,0.33333,0,0.081749,0.0017062,0.074534,0.00099719,0.1353,0.11183,0.11193,0.18239,0.62873,0.051765,0.91651,0.17231,0.42037,0.88784,7
0.93676,0.83333,0.5,0.33333,0,0.036122,0.00049475,0.036025,0.000905,0.14304,0.1175,0.12739,0.18394,0.61194,0.090588,0.87097,0.17378,0.38528,0.91671,7
0.94466,0.74583,0.5,0,0,0.053232,0.00075657,0.029814,0.00079018,0.1402,0.11588,0.11635,0.18862,0.62127,0.050588,0.926,0.1782,0.40931,0.88916,7
0.18972,0.95417,0.5,0,0.5,0.10456,0.0016523,0.045963,0.0012578,0.14253,0.11102,0.12445,0.19174,0.5709,0.078824,0.93169,0.18115,0.44581,0.91746,7
0.090909,0.85,0.5,0.66667,0,0.028517,0.00081643,0.057143,0.00090818,0.126,0.10373,0.10236,0.17225,0.63993,0.048235,0.91082,0.16274,0.42521,0.88442,7
0.44664,0.9625,0.5,0,0,0.093156,0.0024738,0.10435,0.0013854,0.16783,0.14019,0.14875,0.21434,0.58955,0.08,0.91082,0.2025,0.37169,0.91326,7
0.81028,0.925,0.5,0,0,0.047529,0.0015537,0.038509,0.00059709,0.18694,0.15964,0.16642,0.23461,0.58582,0.077647,0.91841,0.22165,0.34576,0.91218,7
0.45455,0.8,0.5,0,0,0.10456,0.0019647,0.065838,0.001267,0.13607,0.11264,0.11708,0.17849,0.62873,0.072941,0.88235,0.16863,0.39387,0.9006,7
0.60474,0.74167,0.5,0,0,0.053232,0.0010558,0.032298,0.00062082,0.41776,0.38979,0.49632,0.36087,0.50746,0.60706,0.14421,0.49632,0.31289,0.1743,6
0.5415,0.725,0.5,0,0,0.10456,0.0030019,0.043478,0.0015539,0.39788,0.36548,0.47128,0.35074,0.48321,0.57765,0.21632,0.47128,0.29802,0.16038,6
0.083004,0.7875,0.5,0,0,0.098859,0.00243,0.10807,0.0018917,0.38136,0.34927,0.45729,0.33125,0.49067,0.58588,0.19545,0.45729,0.31736,0.16427,6
0.22134,0.78333,0.5,0,0,0.13118,0.00267,0.14286,0.0025007,0.38317,0.34927,0.45876,0.33515,0.47761,0.58471,0.21063,0.45876,0.31701,0.16107,6
0.52569,0.75,0.5,0,0,0.047529,0.0013176,0.032298,0.00078528,0.4299,0.39951,0.5081,0.37568,0.48694,0.60824,0.16319,0.5081,0.30299,0.16837,6
0.20158,0.77083,0.5,0,0,0.04943,0.0013389,0.15155,0.003021,0.3212,0.29498,0.3785,0.28527,0.55037,0.48235,0.30171,0.3785,0.29405,0.15755,6
0.4664,0.75417,0.5,0.33333,0,0.085551,0.0021017,0.13789,0.0016779,0.41518,0.38331,0.49558,0.36009,0.48134,0.61529,0.1575,0.49558,0.3128,0.16889,6
0.68379,0.70833,0.5,0,0,0.11217,0.0031774,0.093168,0.0020103,0.41183,0.38169,0.4919,0.35542,0.4944,0.61294,0.14801,0.4919,0.31735,0.17179,6
0.65217,0.7125,0.5,0,0,0.10456,0.0042485,0.089441,0.001707,0.40718,0.38331,0.48085,0.35152,0.53918,0.58118,0.1537,0.48085,0.3112,0.17891,6
0.035573,0.81667,0.5,0,0,0.089354,0.0013176,0.069565,0.0021702,0.36328,0.33549,0.43004,0.31878,0.52612,0.53765,0.23719,0.43004,0.29928,0.16466,6
0.24901,0.77083,0.5,0,0,0.091255,0.0023956,0.077019,0.0016425,0.34779,0.32334,0.40722,0.30787,0.5541,0.49882,0.27135,0.40722,0.29,0.16457,6
0.6917,0.73333,0.5,0,0,0.060836,0.0016143,0.052174,0.0014586,0.38187,0.35737,0.45066,0.33203,0.54291,0.55176,0.19734,0.45066,0.30413,0.17368,6
0.58103,0.75417,0.5,0.33333,0,0.13688,0.0021989,0.11056,0.0027892,0.40511,0.37763,0.47717,0.35464,0.51493,0.57294,0.19165,0.47717,0.29931,0.16958,6
0.36364,0.74583,0.5,0,0,0.18821,0.0018379,0.058385,0.0023332,0.37361,0.34522,0.4433,0.32658,0.51866,0.55412,0.21822,0.4433,0.3036,0.16647,6
0.24111,0.7875,0.5,0,0,0.077947,0.0021513,0.084472,0.0012874,0.42551,0.39465,0.50663,0.36867,0.48507,0.62118,0.14421,0.50663,0.31254,0.17083,6
0.76285,0.71667,0.5,0,0,0.026616,0.00058861,0.065838,0.0011722,0.38162,0.359,0.44919,0.33125,0.55597,0.54588,0.19355,0.44919,0.30312,0.17669,6
0.47431,0.74167,0.5,0,0,0.077947,0.0022134,0.11056,0.002891,0.43274,0.39951,0.51399,0.37802,0.46642,0.62353,0.15939,0.51399,0.3054,0.16622,6
0.26482,0.77917,0.5,0,0.5,0.098859,0.0029044,0.068323,0.0020707,0.40485,0.3752,0.47644,0.35698,0.5,0.57059,0.21063,0.47644,0.2913,0.1644,6
0.3004,0.78333,0.5,0,0,0.091255,0.0018774,0.10435,0.0021826,0.39737,0.36872,0.47054,0.34684,0.50933,0.57647,0.19165,0.47054,0.3035,0.16843,6
0.34783,0.76667,0.5,0.33333,0,0.093156,0.0018825,0.070807,0.0013148,0.43042,0.40194,0.50736,0.37568,0.5,0.60235,0.15939,0.50736,0.30023,0.17178,6
0.63241,0.74583,0.5,0,0,0.12928,0.0021116,0.10186,0.002689,0.40511,0.37682,0.47128,0.36165,0.50933,0.54471,0.24288,0.47128,0.28592,0.15802,6
0.94071,0.67917,0.5,0,0,0.068441,0.0014574,0.031056,0.00061615,0.4033,0.36791,0.48527,0.34996,0.46082,0.62,0.17078,0.48527,0.32026,0.1637,6
0.16206,0.8,0.5,0,0,0.032319,0.00065233,0.1354,0.0017761,0.38007,0.35494,0.44477,0.33515,0.53918,0.53176,0.2334,0.44477,0.28979,0.16748,6
0.063241,0.80417,0.5,0,0,0.068441,0.0012931,0.048447,0.000543,0.39917,0.37115,0.47202,0.3484,0.51306,0.57529,0.18975,0.47202,0.30267,0.16902,6
0.74704,0.72917,0.5,0,0.5,0.093156,0.0022639,0.1354,0.0020312,0.34908,0.33306,0.39912,0.31099,0.61194,0.45412,0.28463,0.39912,0.2662,0.17046,6
0.52569,0.73333,0.5,0,0,0.064639,0.001528,0.047205,0.0012874,0.41389,0.38412,0.49116,0.36009,0.49627,0.6,0.16698,0.49116,0.30746,0.16967,6
0.43083,0.77083,0.5,0,0.5,0.12548,0.0018774,0.15404,0.0035064,0.36587,0.34198,0.43078,0.31956,0.55224,0.52941,0.22391,0.43078,0.29763,0.1715,6
0.85771,0.69583,0.5,0.33333,0,0.028517,0.0005523,0.024845,0.00039264,0.4157,0.3825,0.49853,0.35931,0.47201,0.62706,0.14801,0.49853,0.319,0.16849,6
0.3913,0.7625,0.5,0,0,0.058935,0.0026158,0.07205,0.0010824,0.42912,0.39951,0.50515,0.37646,0.49254,0.59765,0.17457,0.50515,0.29591,0.16812,6
0.24506,0.8,0.5,0,0,0.14639,0.003823,0.077019,0.0029119,0.40769,0.3825,0.47496,0.36009,0.52985,0.55059,0.21252,0.47496,0.28711,0.16948,6
0.41897,0.75,0.5,0,0,0.12738,0.0030244,0.064596,0.0020098,0.43248,0.39708,0.51767,0.37568,0.45149,0.64235,0.14421,0.51767,0.31468,0.16588,6
0.48221,0.72917,0.5,0,0,0.12357,0.0030542,0.21118,0.0057217,0.36096,0.33955,0.42194,0.31645,0.5709,0.50941,0.23719,0.42194,0.29015,0.17293,6
0.79842,0.7125,0.5,0,0,0.12738,0.0025985,0.080745,0.0012299,0.38291,0.36062,0.4514,0.33125,0.55784,0.55059,0.18406,0.4514,0.30672,0.17859,6
0.083004,0.42917,0.5,0.33333,0,0.032319,0.0011724,0.026087,0.00029448,0.2125,0.17828,0.27025,0.18394,0.52985,0.45882,0.36053,0.27025,0.40054,0.14052,5
0.15415,0.54583,0.5,0,0,0.0095057,0.00013722,0.0049689,0.00012416,0.0085205,0.00081037,0.023564,0,0.77799,0.20588,0.51613,0.023564,1,0.16587,5
0.48617,0.3625,0.5,0,0,0.034221,0.0010195,0.027329,0.0009333,0.15001,0.12318,0.20177,0.12081,0.60075,0.41529,0.35863,0.20177,0.44868,0.15545,5
0.12648,0.36667,0.5,0,0,0.053232,0.0012696,0.054658,0.0008142,0.10793,0.081848,0.15758,0.080281,0.6194,0.39529,0.37192,0.15758,0.54148,0.15641,5
0.2332,0.4375,0.5,0,0,0.024715,0.00039294,0.017391,0.00024833,0.16318,0.141,0.20839,0.1364,0.62873,0.38706,0.37571,0.20839,0.39215,0.15767,5
0.22134,0.34167,0.5,0,0,0.013308,0.00039294,0.0049689,0.00012416,0.12497,0.096434,0.17968,0.09431,0.59701,0.42353,0.34915,0.17968,0.5119,0.15675,5
0.32411,0.35417,0.5,0,0,0.01711,0.0004633,0.014907,0.00037249,0.13659,0.11102,0.18851,0.106,0.61381,0.41294,0.34915,0.18851,0.47276,0.16084,5
0.20949,0.5125,0.5,0,0,0.0076046,2.9877e-05,0.0012422,1.3358e-05,0.0036148,0,0.010309,0,0.80784,0.16471,0.55218,0.010309,1,0.15945,5
0.37549,0.54167,0.5,0,0,0.053232,0.00074693,0.0099379,8.5491e-05,0.034599,0.02269,0.058174,0.021044,0.74067,0.25294,0.47818,0.058174,0.66524,0.16269,5
0.95257,0.325,0.5,0,0,0.01711,0.00048177,0.021118,0.00039807,0.012652,0.0056726,0.027246,0.0038971,0.78172,0.20471,0.51423,0.027246,0.8963,0.1682,5
0.23715,0.3875,0.5,0.66667,0,0.047529,0.00073572,0.032298,0.00053432,0.39969,0.38493,0.45214,0.35776,0.60448,0.47765,0.25427,0.45214,0.2522,0.17778,4
0.6087,0.52917,0.5,0,0,0.068441,0.00067223,0.023602,0.00030189,0.48438,0.46596,0.54713,0.43492,0.55224,0.54706,0.19545,0.54713,0.249,0.17546,4
0.37945,0.46667,0.5,0,0,0.053232,0.0011054,0.29565,0.078438,0.36819,0.35008,0.42489,0.32502,0.59142,0.49059,0.24668,0.42489,0.28059,0.17629,4
0.66008,0.275,0.5,0,0,0.030418,0.0012847,0.034783,0.0011434,0.41518,0.39546,0.47275,0.37256,0.5653,0.50588,0.24858,0.47275,0.25533,0.17011,4
0.82213,0.4625,0.5,0,0,0.028517,7.8428e-05,0.2559,0.065518,0.27343,0.26094,0.31517,0.24084,0.66045,0.39647,0.32827,0.31517,0.28241,0.17781,4
0.64822,0.35417,0.5,0,0,0.081749,0.0015872,0.038509,0.00087896,0.46734,0.44489,0.53166,0.42011,0.52985,0.55059,0.21252,0.53166,0.2546,0.1692,4
0.38735,0.38333,0.5,0,0,0.034221,0.00040334,0.018634,0.00031258,0.44926,0.42545,0.51767,0.39906,0.52612,0.56588,0.19165,0.51767,0.27157,0.1715,4
0.72727,0.44583,0.5,0,0,0.4943,0.18382,0.026087,0.0007614,0.38394,0.36548,0.43962,0.34217,0.58396,0.48941,0.25617,0.43962,0.26556,0.1741,4
0.99209,0.29583,0.5,0,0,0.036122,0.00042201,0.017391,0.00034196,0.27111,0.25203,0.32106,0.23617,0.61567,0.43529,0.3112,0.32106,0.30388,0.17059,4
0.66403,0.22917,0.5,0,0,0.068441,0.0021063,0.021118,0.00030189,0.35967,0.34846,0.40574,0.32112,0.64179,0.43765,0.28083,0.40574,0.2521,0.1818,4
0.73518,0.39583,0.5,0,0,0.13878,0.012433,0.15652,0.038407,0.26285,0.24878,0.30339,0.23305,0.65299,0.38824,0.34915,0.30339,0.27091,0.17359,4
0.7747,0.46667,0.5,0,0,0.032319,0.0009598,0.067081,0.0011221,0.31242,0.29984,0.35641,0.27747,0.64739,0.41647,0.3093,0.35641,0.26327,0.17893,4
0.10277,0.1625,0.5,0,0,0.036122,0.00046683,0.02236,0.00035265,0.1606,0.15802,0.19882,0.12237,0.76493,0.35294,0.29222,0.19882,0.41875,0.21873,1
0.051383,0.20417,0.5,0,0,0.019011,0.00079174,0.023602,4.5417e-05,0.13478,0.13776,0.16421,0.10055,0.81157,0.30471,0.32258,0.16421,0.41925,0.23852,1
0.34387,0.325,0.5,0,0,0.026616,0.0003884,0.081988,0.0029174,0.15569,0.15802,0.18851,0.11847,0.80037,0.32588,0.29981,0.18851,0.40369,0.23815,1
0.047431,0.25833,0.5,0,0,0.047529,0.00073572,0.058385,0.0022575,0.13297,0.14019,0.15979,0.097428,0.84142,0.29176,0.31309,0.15979,0.4215,0.25516,1
0.37154,0.37083,0.5,0.33333,0,0.024715,0.0001083,0.027329,0.00082285,0.14691,0.15802,0.17231,0.10912,0.86381,0.28824,0.29602,0.17231,0.40104,0.26309,1
0.098814,0.34167,0.5,0,0,0.085551,0.00021287,0.047205,0.0065935,0.14201,0.13776,0.17747,0.10834,0.75933,0.33529,0.32638,0.17747,0.41923,0.22057,1
0.54941,0.38333,0.5,0.33333,0,0.074144,0.0034396,0.040994,0.0015629,0.15234,0.15478,0.18557,0.11458,0.80224,0.32706,0.29602,0.18557,0.41624,0.23667,1
0.3913,0.41667,0.5,0,0,0.055133,0.00091498,0.036025,0.00059042,0.13891,0.14425,0.16495,0.106,0.82649,0.28941,0.33207,0.16495,0.3917,0.24556,1
0.14625,0.39583,0.5,0,0,0.076046,0.0025395,0.047205,0.0022655,0.13943,0.14587,0.16642,0.10444,0.83396,0.29412,0.31689,0.16642,0.40815,0.24956,1
0.1502,0.20417,0.5,0.33333,0,0.053232,0.0011503,0.054658,0.0013999,0.15776,0.15559,0.19882,0.11613,0.76866,0.36588,0.26755,0.19882,0.44664,0.22408,1
0.031621,0.3375,0.5,0,0,0.047529,0.0024387,0.055901,0.00063317,0.13297,0.13695,0.15979,0.10055,0.81903,0.29176,0.33586,0.15979,0.40102,0.24738,1
0.37945,0.275,0.5,0,0.5,0.041825,0.0018673,0.099379,0.0047341,0.17557,0.17585,0.21429,0.13406,0.77985,0.35882,0.26755,0.21429,0.40762,0.22947,1
0.53755,0.34583,0.5,0.66667,0,0.057034,0.00080668,0.081988,0.0020838,0.14795,0.15073,0.18115,0.1099,0.80597,0.32588,0.29412,0.18115,0.42781,0.23789,1
0.1581,0.20833,0.5,0,0,0.070342,0.0015872,0.034783,0.0013999,0.15156,0.1483,0.19072,0.11302,0.76306,0.35529,0.29032,0.19072,0.43704,0.2194,1
0.47826,0.39583,0.5,0.33333,0,0.055133,0.00060128,0.036025,0.001969,0.1606,0.16045,0.19809,0.12081,0.78172,0.34941,0.28083,0.19809,0.42335,0.22636,1
0.25296,0.17917,0.5,0,0,0.060837,0.0016881,0.06087,0.0031231,0.17144,0.16613,0.21576,0.12938,0.74254,0.38471,0.26376,0.21576,0.43217,0.21546,1
0.33597,0.2625,0.5,0.33333,0,0.045627,0.0015685,0.014907,9.6177e-05,0.15621,0.15802,0.19146,0.11691,0.79664,0.33765,0.28463,0.19146,0.42221,0.23461,1
0.26877,0.2625,0.5,0.66667,0,0.13308,0.010024,0.048447,0.0017873,0.16447,0.16451,0.2025,0.12393,0.78172,0.35294,0.27514,0.2025,0.42025,0.23127,1
0.30435,0.40417,0.5,0,0,0.028517,0.00043695,0.036025,0.00084689,0.11929,0.13857,0.13181,0.087295,0.9291,0.22,0.33966,0.13255,0.37884,0.31472,1
0.27668,0.32917,0.5,0,0,0.095057,0.0020914,0.11429,0.0023617,0.15776,0.16045,0.19293,0.11769,0.80224,0.33765,0.27894,0.19293,0.42049,0.2387,1
0.24901,0.2625,0.5,0,0,0.045627,0.0005826,0.031056,0.00065454,0.14743,0.15316,0.1782,0.10912,0.82649,0.31412,0.29222,0.1782,0.4192,0.25013,1
0.54941,0.4375,0.5,0,0,0.032319,0.00028757,0.019876,5.3432e-05,0.15414,0.15559,0.1863,0.11847,0.79478,0.32235,0.3112,0.1863,0.39845,0.23064,1
0.37945,0.3125,0.5,0.33333,0,0.051331,0.00084029,0.079503,0.0015602,0.16602,0.17018,0.20029,0.12549,0.8097,0.33529,0.27514,0.20029,0.40554,0.24101,1
0.023715,0.42917,0.5,0,0,0.039924,0.00079548,0.047205,0.00091903,0.10121,0.1175,0.1134,0.072486,0.91418,0.21412,0.36433,0.11561,0.40864,0.31307,1
0.32806,0.16667,0.5,0,0,0.060837,0.0016432,0.059627,0.00064118,0.17945,0.16532,0.2327,0.1364,0.6791,0.42941,0.25617,0.2327,0.44612,0.19661,1
0.090909,0.3,0.5,0,0,0.095057,0.0049596,0.080745,0.0017125,0.13065,0.13938,0.1539,0.097428,0.85261,0.27412,0.33017,0.15464,0.39993,0.26648,1
0.090909,0.225,0.5,0,0,0.041825,0.0017777,0.052174,0.0016991,0.14511,0.14668,0.17747,0.10912,0.79851,0.32118,0.3093,0.17747,0.41942,0.23139,1
0.15415,0.30833,0.5,0.33333,0,0.038023,0.00052285,0.055901,0.00047287,0.14717,0.15154,0.17968,0.10834,0.81716,0.32235,0.28843,0.17968,0.42874,0.24178,1
0.3004,0.27917,0.5,0,0,0.076046,0.0023603,0.04472,0.0042318,0.17144,0.17504,0.20692,0.13016,0.8041,0.34235,0.26945,0.20692,0.40196,0.24069,1
0.56917,0.32917,0.5,0,0,0.034221,0.0005826,0.04472,0.00028853,0.17325,0.17261,0.21355,0.13094,0.77425,0.36588,0.26186,0.21355,0.4206,0.22466,1
0.36759,0.23333,0.5,0,0,0.087452,0.003391,0.034783,0.00085491,0.1655,0.16694,0.20398,0.12315,0.79104,0.35529,0.26186,0.20398,0.4299,0.23067,1
0.29249,0.26667,0.5,0,0,0.096958,0.0046496,0.049689,0.0026823,0.181,0.17018,0.23049,0.13874,0.70149,0.41176,0.26186,0.23049,0.42966,0.20289,1
0.58498,0.22083,0.5,0,0,0.051331,0.001154,0.031056,0.00033395,0.16783,0.16532,0.21134,0.12393,0.76306,0.38,0.25047,0.21134,0.44635,0.22148,1
0.0039526,0.3625,0.5,0,0,0.068441,0.00067223,0.023602,0.00039807,0.12187,0.13371,0.1377,0.093531,0.87687,0.23647,0.36622,0.1377,0.35672,0.28267,1
0.071146,0.21667,0.5,0,0,0.043726,0.0015872,0.047205,0.0022334,0.14588,0.14344,0.18409,0.10756,0.77052,0.34941,0.29222,0.18409,0.44725,0.22116,1
0.29249,0.38333,0.5,0.33333,0,0.047529,0.0015424,0.042236,0.00079079,0.1322,0.14749,0.15096,0.097428,0.89739,0.25294,0.31879,0.15096,0.38839,0.28708,1
0.55336,0.2375,0.5,0,0,0.04943,0.0010158,0.048447,0.00063317,0.18952,0.17666,0.24448,0.14341,0.6847,0.44,0.2334,0.24448,0.44565,0.20073,1
0.25692,0.375,0.5,0.33333,0,0.024715,0.00033238,0.049689,0.0004702,0.13271,0.14344,0.15611,0.097428,0.86567,0.27529,0.31499,0.15611,0.41027,0.26635,1
0.098814,0.33333,0.5,0.33333,0,0.068441,0.002196,0.057143,0.0015602,0.13762,0.14425,0.16274,0.10444,0.83582,0.28471,0.33017,0.16274,0.39416,0.25046,1
0.917,0.35833,0.5,0,0,0.013308,0.00019794,0.012422,0.00014961,0.014717,0.00081037,0.036819,0.0046765,0.73321,0.24118,0.50474,0.036819,0.98413,0.14317,3
0.93281,0.525,0.5,0,0,0.013308,0.0001083,0.0074534,3.2059e-05,0.0046476,0,0.013255,0,0.80037,0.17412,0.54459,0.013255,1,0.15945,3
0.88538,0.33333,0.5,0,0,0.022814,0.00035852,0.014907,0.00022441,0.025562,0.0081037,0.053019,0.01325,0.70522,0.26941,0.48767,0.053019,0.86781,0.13874,3
0.94862,0.32917,0.5,0,0.5,0.19392,0.023573,0.15155,0.045994,0.062742,0.034846,0.10383,0.045986,0.62127,0.34353,0.45351,0.10383,0.76292,0.13057,3
0.85375,0.43333,0.5,0,0,0.039924,0.00034732,0.012422,0.00027785,0.013168,0.0016207,0.030928,0.005456,0.75,0.22,0.52182,0.030928,0.96296,0.13893,3
0.95257,0.29167,0.5,0,0,0.76616,0.19102,0.33913,0.079979,0.29228,0.24149,0.36819,0.26033,0.38993,0.56471,0.33207,0.36819,0.42018,0.12922,3
0.7668,0.36667,0.5,0,0,0.10456,0.0045002,0.062112,0.0033555,0.046992,0.025122,0.076583,0.036633,0.66791,0.28471,0.50095,0.076583,0.7119,0.12176,3
0.92095,0.4625,0.5,0,0,0.058935,0.0079062,0.031056,0.0054634,0.01575,0.0040519,0.03461,0.0070148,0.74813,0.22588,0.51423,0.03461,0.96032,0.14622,3
0.80632,0.3,0.5,0,0,0.8403,0.69382,0.18634,0.087457,0.16241,0.14425,0.18925,0.15121,0.65672,0.29882,0.48956,0.18925,0.50416,0.12135,3
0.88933,0.25417,0.5,0,0,0.043726,0.00082535,0.031056,0.0010392,0.0315,0.011345,0.062592,0.017927,0.6847,0.28824,0.47818,0.062592,0.84169,0.13891,3
0.92095,0.4125,0.5,0,0,0.028517,0.00021287,0.01118,0.00040875,0.012652,0.00081037,0.032401,0.0031177,0.74813,0.22941,0.50854,0.032401,0.98413,0.14969,3
0.3834,0.125,0.5,0,0,0.058936,0.00078054,0.024845,0.00063049,0.95611,0.953,0.9757,0.93687,0.50746,0.45176,0.39469,0.9757,0.11242,0.13022,2
0.87352,0.17917,0.5,0,0,0.039924,0.00016806,0.02236,0.00060912,0.93648,0.93031,0.96465,0.91115,0.49254,0.48824,0.35104,0.96465,0.12431,0.13642,2
0.71146,0.31667,0.5,0,0,0.041825,0.00047803,0.017391,0.00014961,0.94397,0.93274,0.97054,0.92518,0.45522,0.48235,0.39848,0.97054,0.12657,0.12277,2
0.54545,0.020833,0.5,0,0,0.022814,0.00035853,0.021118,4.5417e-05,0.97883,0.98217,0.99337,0.95869,0.54478,0.43294,0.3871,0.99337,0.10153,0.1362,2
0.81028,0.0625,0.5,0,0,0.041825,0.0015088,0.042236,0.0010152,0.95533,0.95867,0.97275,0.93219,0.55224,0.44118,0.36622,0.97275,0.10513,0.14465,2
0.71146,0.016667,0.5,0,0,0.028517,0.00021287,0.032298,0.00088697,0.97805,0.9765,0.99116,0.96415,0.51119,0.42588,0.43264,0.99116,0.10464,0.1198,2
0.94466,0.0625,0.5,0,0,0.041825,0.0010158,0.019876,0.00014961,0.9543,0.95543,0.97128,0.93375,0.53731,0.43882,0.3852,0.97128,0.1061,0.13656,2
0.67589,0.083333,0.5,0,0,0.024715,0.00042201,0.014907,0.00051294,0.95094,0.95381,0.96392,0.93297,0.55037,0.41882,0.40417,0.96392,0.10071,0.13307,2
0.71146,0.43333,0.5,0,0,0.0076046,2.9878e-05,0.032298,0.00088697,0.92564,0.8987,0.96318,0.91037,0.35261,0.53059,0.42505,0.96318,0.15213,0.10722,2
0.95652,0.125,0.5,0,0,0.034221,0.00035853,0.0062112,0.00010954,0.94268,0.93679,0.96686,0.92128,0.49254,0.47059,0.37951,0.96686,0.11953,0.12993,2
0.36759,0.0083333,0.5,0,0,0.036122,0.00051164,0.037267,0.00089765,0.98709,0.98379,0.99337,0.98207,0.49627,0.39529,0.49715,0.99337,0.10009,0.099873,2
0.98814,0.85,0.5,0.33333,0,0.051331,0.0020503,0.062112,0.0018167,0.086496,0.067261,0.076583,0.11535,0.67351,0.10471,0.78558,0.10898,0.44105,0.92031,7
0.75494,0.95,0.5,0.33333,0,0.085551,0.0024537,0.050932,0.00094307,0.1056,0.089141,0.096465,0.13094,0.68657,0.11294,0.75901,0.12371,0.3443,0.92781,7
0.85375,0.82083,0.5,0,0,0.085551,0.0021848,0.059627,0.0017633,0.11206,0.092382,0.095729,0.14809,0.66231,0.08,0.83681,0.13991,0.40213,0.89901,7
0.075099,0.9875,0.5,0,0,0.062738,0.00084029,0.037267,0.0011541,0.093726,0.076985,0.080265,0.12393,0.68843,0.089412,0.79507,0.11708,0.40344,0.90417,7
0.079051,0.92083,0.5,0,0,0.081749,0.0027076,0.050932,0.0017125,0.0945,0.082658,0.081738,0.11925,0.72201,0.092941,0.75522,0.11267,0.32792,0.89435,7
0.64032,0.69167,0.5,0.33333,0,0.039924,0.00070585,0.055901,0.00056905,0.17093,0.15478,0.14212,0.21668,0.66791,0.034118,0.90512,0.20471,0.32114,0.86787,7
0.33597,0.7625,0.5,0,0,0.060837,0.0012847,0.042236,0.00027785,0.11696,0.096434,0.11046,0.14341,0.65485,0.12824,0.7666,0.13549,0.35213,0.94638,7
0.57312,0.94583,0.5,0,0,0.070342,0.00060128,0.059627,0.0013465,0.12393,0.1094,0.10972,0.15277,0.69403,0.092941,0.78368,0.14433,0.31526,0.90347,7
0.50198,0.68333,0.5,0,0,0.074144,0.0042463,0.06087,0.0031231,0.16576,0.15235,0.14433,0.20109,0.68843,0.068235,0.82922,0.18999,0.28495,0.89106,7
0.4585,0.97917,0.5,0,0,0.077947,0.0056654,0.059627,0.0042318,0.10767,0.08752,0.094993,0.1403,0.66045,0.096471,0.81214,0.13255,0.39595,0.91324,7
0.16601,0.525,0.5,0,0,0.0057034,7.8427e-05,0.031056,0.0012637,0.011619,0.0048622,0.025037,0.0038971,0.78358,0.19882,0.52182,0.025037,0.91799,0.16334,5
0.20553,0.5125,0.5,0,0,0.074144,0.00030251,0.0062112,1.3358e-05,0.048541,0.034036,0.074374,0.035074,0.71828,0.26706,0.47818,0.074374,0.58723,0.15205,5
0.031621,0.49583,0.5,0,0,0.0019011,1.8673e-05,0.058385,0.0045016,0.012135,0.0072934,0.021355,0.0070148,0.79664,0.17882,0.5408,0.021355,0.55093,0.15945,5
0.42292,0.52917,0.5,0,0,0.0095057,6.3489e-05,0.01118,8.8162e-05,0.022205,0.010535,0.044183,0.010133,0.74627,0.24235,0.48956,0.044183,0.7996,0.16055,5
0.37549,0.51667,0.5,0,0,0.013308,6.3489e-05,0.0037267,2.4044e-05,0.013426,0.0072934,0.029455,0.0023383,0.78731,0.21176,0.49715,0.029455,0.92778,0.18682,5
0.37549,0.46667,0.5,0,0,0.043726,0.00015312,0.040994,0.0014988,0.15079,0.10778,0.2268,0.11146,0.48881,0.53176,0.28463,0.2268,0.55955,0.15015,4
0.079051,0.56667,0.5,0.33333,0,0.06654,0.001632,0.029814,0.00060912,0.043635,0.042139,0.055965,0.031956,0.8097,0.20118,0.49146,0.057437,0.46407,0.24508,4
0.38735,0.575,0.5,0,0,0.12548,0.004616,0.047205,0.0011434,0.14898,0.12156,0.19882,0.12237,0.59701,0.40588,0.37761,0.19882,0.44517,0.15149,4
0.64032,0.58333,0.5,0,0,0.13118,0.011148,0.034783,0.0016243,0.2125,0.16856,0.28351,0.17927,0.46269,0.52235,0.32638,0.28351,0.45745,0.13842,4
0.079051,0.46667,0.5,0,0,0.030418,0.0003884,0.02236,0.00025647,0.13452,0.11426,0.17452,0.11146,0.65112,0.35529,0.40417,0.17452,0.40891,0.15587,4
0.90119,0.56667,0.5,0,0.5,0.13878,0.01418,0.055901,0.0009217,0.19029,0.15235,0.25626,0.15666,0.51119,0.49294,0.32448,0.25626,0.45741,0.14601,4
0.26482,0.60833,0.5,0,0,0.19962,0.014464,0.031056,0.0011995,0.1495,0.12318,0.19882,0.12237,0.60448,0.40353,0.37381,0.19882,0.43888,0.15275,4
0.5336,0.49167,0.5,0.33333,0,0.06654,0.003111,0.04472,0.0022762,0.17222,0.13938,0.23122,0.14108,0.55224,0.45529,0.34345,0.23122,0.44975,0.14826,4
0.917,0.59583,0.5,0,0,0.12738,0.011716,0.014907,0.00041677,0.23005,0.18314,0.30854,0.19174,0.43657,0.56235,0.28843,0.30854,0.45879,0.14127,4
0.51779,0.33333,0.5,0,0.5,0.64829,0.19008,0.74783,0.64152,0.29848,0.26175,0.34904,0.27981,0.48507,0.44471,0.42884,0.34904,0.39882,0.1172,3
0.48221,0.52083,0.5,0,0,0.019011,0.0011055,0.014907,0.00096177,0.0077459,0.00081037,0.019882,0.0015588,0.78358,0.19176,0.53321,0.019882,0.98611,0.15667,3
0.27273,0.3625,0.5,0.33333,0,0.041825,0.0017329,0.039752,0.00095109,0.032533,0.0089141,0.061119,0.024942,0.66045,0.27647,0.52182,0.061119,0.89084,0.10891,3
0.067194,0.54583,0.5,0,0,0.026616,0.0006573,0.0062112,0.00010954,0.003873,0.00081037,0.0088365,0.0015588,0.81157,0.15647,0.56167,0.0088365,0.41667,0.14851,3
0.37549,0.35417,0.5,0,0,0.034221,0.0015237,0.018634,0.0002164,0.043894,0.019449,0.078792,0.030398,0.65112,0.30941,0.47818,0.078792,0.77886,0.129,3
0.19368,0.40833,0.5,0,0,0.076046,0.0012399,0.04472,0.0042639,0.039504,0.018639,0.064065,0.033515,0.67724,0.25882,0.53321,0.064065,0.76073,0.10579,3
0.1581,0.275,0.5,0.33333,0,0.060837,0.00065729,0.036025,0.0011354,0.034857,0.0089141,0.067747,0.024942,0.64366,0.29765,0.50474,0.067747,0.89161,0.11572,3
0.11858,0.35417,0.5,0,0,0.079848,0.0036301,0.062112,0.0044455,0.026336,0.0072934,0.053019,0.016368,0.69403,0.26588,0.50474,0.053019,0.90924,0.13027,3
0.50988,0.37917,0.5,0,0,0.24905,0.074413,0.21118,0.065582,0.10018,0.073744,0.13402,0.089634,0.6194,0.31765,0.49715,0.13402,0.57513,0.11168,3
0.18972,0.4375,0.5,0,0,0.045627,0.00031371,0.047205,0.00095109,0.020914,0.006483,0.039764,0.014809,0.72761,0.22706,0.53321,0.039764,0.87553,0.12275,3
0.47826,0.46667,0.5,0,0,0.020913,0.0003772,0.01118,0.00015228,0.0082623,0,0.022091,0.0015588,0.77425,0.2,0.52941,0.022091,1,0.15134,3
0.29644,0.39583,0.5,0,0,0.062738,0.003574,0.049689,0.0026823,0.025562,0.0072934,0.052283,0.014809,0.69963,0.26588,0.49905,0.052283,0.90357,0.1324,3
0.28063,0.41667,0.5,0,0,0.01711,0.00030251,0.021118,0.0010072,0.0090369,0,0.023564,0.0023383,0.76866,0.20353,0.52941,0.023564,1,0.15188,3
0.33992,0.51667,0.5,0,0,0.013308,0.00024275,0.0074534,0.00012824,0.0067131,0,0.018409,0.00077942,0.78545,0.18941,0.5351,0.018409,1,0.15556,3
0.37549,0.50833,0.5,0,0,0.0019011,1.8673e-05,0.0049689,2.1373e-05,0.0033566,0,0.0095729,0,0.8097,0.16235,0.55408,0.0095729,1,0.15945,3
0.019763,0.45417,0.5,0,0,0.011407,8.9631e-05,0.01118,5.6103e-05,0.0080041,0.0016207,0.019882,0.0015588,0.78731,0.19059,0.53131,0.019882,1,0.16568,3
0.059289,0.29583,0.5,0,0,0.14829,0.041634,0.13913,0.048078,0.059127,0.031605,0.096465,0.045986,0.625,0.32471,0.48008,0.096465,0.74282,0.12147,3
0.063241,0.47083,0.5,0,0,0.039924,0.00061621,0.032298,0.00056638,0.0080041,0.0016207,0.017673,0.0038971,0.78731,0.18,0.54839,0.017673,0.9537,0.14689,3
0.0039526,0.35417,0.5,0,0,0.13118,0.013389,0.052174,0.005418,0.036406,0.015397,0.064801,0.0265,0.67724,0.27647,0.50474,0.064801,0.82478,0.11978,3
0.18577,0.28333,0.5,0,0,0.060837,0.0018673,0.026087,0.00095376,0.037697,0.012966,0.069956,0.02728,0.65112,0.29529,0.50095,0.069956,0.84245,0.11825,3
0.51779,0.5125,0.5,0,0,0.091255,0.0031819,0.03354,0.0011141,0.043119,0.016207,0.075847,0.034295,0.63433,0.29882,0.51233,0.075847,0.83393,0.11039,3
0.035573,0.34583,0.5,0,0,0.015209,0.00011951,0.016149,0.00014159,0.01575,0.00081037,0.039764,0.0046765,0.72575,0.25059,0.49715,0.039764,0.98611,0.14345,3
0.20949,0.47917,0.5,0,0,0.022814,0.00031371,0.01118,0.00012022,0.0098115,0,0.0243,0.0038971,0.76306,0.20353,0.5351,0.0243,1,0.13669,3
0.10672,0.42917,0.5,0,0,0.028517,0.00043695,0.026087,0.00018434,0.01291,0.00081037,0.030928,0.005456,0.74627,0.22118,0.52372,0.030928,0.98413,0.13792,3
0.21739,0.4,0.5,0,0.5,0.15589,0.013519,0.15155,0.016724,0.055513,0.033225,0.086156,0.044427,0.66231,0.29176,0.49526,0.086156,0.73059,0.12631,3
0.31621,0.47917,0.5,0,0.5,0.06654,0.0011391,0.023602,0.00020571,0.020656,0.0040519,0.043446,0.012471,0.71269,0.24588,0.51803,0.043446,0.93571,0.12676,3
0.49407,0.54167,0.5,0,0,0.047529,0.0013631,0.019876,0.00059844,0.022721,0.0032415,0.05081,0.011691,0.69216,0.27176,0.49715,0.05081,0.95309,0.13213,3
0.43874,0.37917,0.5,0,0,0.019011,0.00020914,0.034783,0.00034196,0.023496,0.0040519,0.05081,0.01325,0.69216,0.26824,0.50285,0.05081,0.94074,0.1291,3
0.11067,0.17083,0.5,0,0,0.013308,1.8673e-05,0.029814,0.00012824,0.87684,0.84279,0.92931,0.85269,0.31903,0.59059,0.36243,0.92931,0.17585,0.11679,2
0.6166,0.19167,0.5,0,0,0.041825,0.00047803,0.027329,0.00059843,0.86935,0.83306,0.92563,0.84334,0.30597,0.60706,0.34915,0.92563,0.18207,0.11818,2
0.78261,0.22917,0.5,0,0,0.043726,0.0015872,0.032298,0.0020732,0.85438,0.80956,0.92636,0.81995,0.25187,0.67882,0.28843,0.92636,0.2058,0.12374,2
0.24506,0.0083333,0.5,0,0,0.020913,0.00019793,0.026087,0.00072934,0.92202,0.89546,0.96392,0.90179,0.35634,0.55059,0.38899,0.96392,0.15582,0.11479,2
0.32806,0.12083,0.5,0,0,0.039924,0.00016806,0.027329,0.0015281,0.8882,0.85656,0.94256,0.8597,0.33209,0.60235,0.33017,0.94256,0.17421,0.12346,2
0.98814,0.054167,0.5,0,0,0.039924,0.00097474,0.036025,0.00030189,0.84792,0.80794,0.91311,0.81606,0.28731,0.64471,0.3074,0.91311,0.19598,0.1236,2
0.88142,0.21667,0.5,0,0,0.026616,0.00029877,0.014907,0.00012824,0.83811,0.79092,0.91163,0.80436,0.24067,0.68235,0.29412,0.91163,0.21148,0.12226,2
0.13834,0.041667,0.5,0,0,0.03422,0.00080667,0.029814,0.00035265,0.90524,0.88006,0.94477,0.8862,0.37127,0.53529,0.39848,0.94477,0.1535,0.11404,2
0.32806,0.225,0.5,0,0,0.024715,0.0003772,0.04472,0.00051294,0.87607,0.84117,0.93888,0.84178,0.31343,0.64,0.28843,0.93888,0.18566,0.12934,2
0.73913,0.1,0.5,0,0,0.041825,0.0010606,0.024845,0.00040608,0.86832,0.83468,0.92857,0.83554,0.32463,0.62588,0.29981,0.92857,0.18311,0.1278,2
0.19763,0.1875,0.5,0,0,0.030418,0.00016432,0.016149,7.7476e-05,0.88149,0.84765,0.93888,0.85191,0.31903,0.61529,0.32258,0.93888,0.17948,0.12365,2
0.40316,0.11667,0.5,0,0,0.01711,0.0003025,0.024845,0.0003099,0.88897,0.85008,0.94698,0.8636,0.28172,0.62,0.35294,0.94698,0.18426,0.11604,2
0.47036,0.025,0.5,0,0,0.047528,0.00055646,0.042236,0.00082285,0.90318,0.86629,0.9514,0.8862,0.29104,0.57647,0.41366,0.9514,0.17263,0.10597,2
0.31621,0.90833,0.5,0.33333,0,0.08365,0.00079174,0.045963,0.0023216,0.076168,0.054295,0.070692,0.10288,0.65858,0.12353,0.7704,0.097202,0.49614,0.9404,7
0.88933,0.925,0.5,0,0,0.095057,0.0013295,0.039752,0.00079079,0.081591,0.060778,0.072901,0.11068,0.66418,0.10941,0.78748,0.10457,0.47394,0.92683,7
0.45059,0.71667,0.5,0,0,0.026616,0.0003884,0.04472,0.0010579,0.12626,0.10211,0.11487,0.16134,0.62687,0.10706,0.82922,0.15243,0.39236,0.92793,7
0.78656,0.64167,0.5,0.33333,0,0.077947,0.0040073,0.039752,0.00066255,0.12084,0.094003,0.10898,0.159,0.61007,0.10353,0.85199,0.15022,0.43082,0.92592,7
0.094862,0.78333,0.5,0,0,0.038023,0.00061248,0.023602,0.00033395,0.12213,0.095624,0.11856,0.15121,0.61194,0.14353,0.78558,0.14286,0.393,0.96267,7
0.62451,0.82917,0.5,0,0,0.051331,0.0013781,0.034783,0.0015602,0.090369,0.068882,0.079529,0.12237,0.65672,0.10118,0.80835,0.11561,0.46044,0.91879,7
0.6166,0.72083,0.5,0,0,0.043726,0.00078054,0.029814,0.00060912,0.13555,0.11102,0.12077,0.17459,0.62127,0.092941,0.85769,0.16495,0.38821,0.91723,7
0.37549,0.9375,0.5,0,0,0.058935,0.0038728,0.038509,0.00081484,0.097341,0.078606,0.082474,0.13094,0.67351,0.083529,0.81973,0.12371,0.42424,0.90064,7
0.17787,0.93333,0.5,0,0,0.06654,0.0018561,0.038509,0.0025781,0.07591,0.055105,0.061856,0.11068,0.66604,0.082353,0.82922,0.10457,0.5204,0.8999,7
0.54941,0.98333,0.5,0,0,0.085551,0.0032155,0.059627,0.0025647,0.056545,0.04376,0.039028,0.087295,0.72761,0.061176,0.80076,0.082474,0.56347,0.8666,7
0.97233,0.61667,0.5,0,0,0.087452,0.005094,0.35155,0.12187,0.24942,0.22204,0.29823,0.22369,0.5653,0.42471,0.37951,0.30118,0.28922,0.083071,6
0.77075,0.625,0.5,0,0,0.095057,0.005587,0.26335,0.067794,0.29254,0.26661,0.33947,0.26734,0.56157,0.42588,0.3814,0.34021,0.28212,0.11011,6
0.79051,0.625,0.5,0,0,0.087452,0.00052285,0.25714,0.06972,0.29151,0.26094,0.34094,0.26812,0.52985,0.43765,0.39469,0.34094,0.30298,0.11839,6
0.71146,0.62917,0.5,0,0,0.091255,0.0072153,0.29938,0.0069702,0.29409,0.2658,0.34021,0.27202,0.54478,0.42235,0.40417,0.34021,0.28552,0.12032,6
0.98419,0.62083,0.5,0,0,0.072243,0.0011951,0.034783,0.001977,0.29848,0.2658,0.36672,0.25721,0.51306,0.52941,0.26376,0.36672,0.34714,0.15812,6
0.67589,0.52917,0.5,0,0,0.08365,0.010158,0.17516,0.035802,0.084947,0.059968,0.12739,0.063913,0.63433,0.35529,0.42125,0.12739,0.61525,0.1464,5
0.73518,0.5125,0.5,0.33333,0,0.10266,0.0020615,0.024845,0.00027784,0.18616,0.1483,0.24816,0.15666,0.51306,0.47294,0.35484,0.24816,0.45775,0.13896,5
0.72332,0.33333,0.5,0,0,0.041825,0.0003884,0.0086957,7.7476e-05,0.16783,0.12966,0.23122,0.13718,0.51679,0.47529,0.34725,0.23122,0.48999,0.14131,5
0.9249,0.3125,0.5,0,0,0.0095057,1.8673e-05,0.0062112,4.5417e-05,0.08598,0.056726,0.13991,0.056898,0.60448,0.41059,0.36243,0.13991,0.63093,0.15512,5
0.79051,0.50833,0.5,0,0,0.020913,0.00024275,0.0049689,5.3432e-05,0.005164,0.0024311,0.011782,0.00077942,0.81343,0.16471,0.54649,0.011782,0.96296,0.17545,5
0.68379,0.425,0.5,0,0,0.085551,0.0010196,0.02236,0.00067324,0.22153,0.17828,0.29013,0.19018,0.46455,0.51294,0.33966,0.29013,0.44151,0.13521,5
0.98419,0.31667,0.5,0,0,0.024715,0.00024275,0.013665,0.00026983,0.077718,0.048622,0.1296,0.050663,0.60821,0.39882,0.37761,0.1296,0.65933,0.15202,5
0.83399,0.34583,0.5,0,0,0.058935,0.0023939,0.027329,0.00069461,0.10896,0.076985,0.16495,0.080281,0.57836,0.42588,0.36433,0.16495,0.57666,0.14852,5
0.92885,0.43333,0.5,0,0,0.15019,0.0036936,0.0099379,5.3432e-05,0.10276,0.077796,0.14728,0.079501,0.62873,0.36941,0.40417,0.14728,0.53313,0.14984,5
0.74704,0.29167,0.5,0,0,0.041825,0.0006573,0.040994,0.00024846,0.29925,0.28768,0.34168,0.265,0.65858,0.40588,0.31499,0.34168,0.26725,0.18026,4
0.70751,0.46667,0.5,0.33333,0,0.058935,0.002125,0.024845,0.00037402,0.40072,0.38331,0.45434,0.36009,0.58582,0.48353,0.26376,0.45434,0.25119,0.17169,4
0.93676,0.3625,0.5,0,0,0.045627,0.0012997,0.028571,0.00043013,0.36845,0.34684,0.42857,0.32502,0.56716,0.50706,0.24478,0.42857,0.28511,0.17097,4
0.57708,0.41667,0.5,0,0,0.013308,0.00015312,0.0099379,8.5491e-05,0.039504,0.051053,0.046392,0.021044,0.90112,0.17412,0.44213,0.048601,0.59127,0.33622,1
0.3913,0.47083,0.5,0,0,0.0095057,6.3489e-05,0.02236,0.00032059,0.049316,0.059968,0.058174,0.029618,0.89179,0.18588,0.43264,0.059647,0.53117,0.3168,1
0.6996,0.4625,0.5,0,0,0.019011,0.00011951,0.017391,8.5491e-05,0.040795,0.053485,0.045655,0.023383,0.90858,0.16471,0.44972,0.049337,0.5496,0.35282,1
0.79051,0.51667,0.5,0,0,0.019011,0.00029877,0.019876,5.3432e-05,0.038471,0.051864,0.04271,0.021044,0.91418,0.16118,0.44972,0.049337,0.59943,0.36128,1
0.42292,0.46667,0.5,0,0,0.020913,0.00024275,0.014907,0.00019235,0.046992,0.059968,0.053019,0.028059,0.90858,0.17176,0.43833,0.055965,0.52447,0.34557,1
0.14625,0.5625,0.5,0,0,0.01711,0.00012324,0.014907,0.00019235,0.035631,0.041329,0.044919,0.020265,0.86194,0.18471,0.4649,0.045655,0.57143,0.2998,1
0.086957,0.56667,0.5,0,0,0.011407,0.00013445,0.016149,0.00030189,0.032017,0.029984,0.049337,0.015588,0.8097,0.22235,0.45731,0.05081,0.69844,0.24887,1
0.10672,0.42083,0.5,0,0,0.024715,0.00042201,0.012422,0.00011755,0.041312,0.051864,0.047865,0.024162,0.89366,0.17294,0.45161,0.050074,0.54409,0.33339,1
0.60474,0.4875,0.5,0,0,0.01711,0.00030251,0.0074534,3.2059e-05,0.04157,0.053485,0.047865,0.023383,0.90299,0.17176,0.44402,0.05081,0.56371,0.34233,1
0.13439,0.50417,0.5,0,0,0.01711,7.8427e-05,0.0049689,0.00011755,0.037439,0.051864,0.040501,0.020265,0.92164,0.15529,0.45161,0.047128,0.59325,0.37534,1
0.27668,0.425,0.5,0,0,0.024715,0.00024275,0.016149,0.00010954,0.038213,0.051864,0.041973,0.021044,0.91604,0.15882,0.45161,0.047128,0.58003,0.36816,1
0.85375,0.4625,0.5,0,0,0.011407,0.00013445,0.01118,0.0002164,0.041828,0.052674,0.048601,0.024162,0.89552,0.17412,0.44782,0.05081,0.55181,0.33454,1
0.6996,0.4875,0.5,0,0,0.015209,0.00034359,0.019876,0.00014961,0.041312,0.057536,0.04271,0.024162,0.93284,0.14824,0.45161,0.052283,0.56371,0.38996,1
0.74308,0.43333,0.5,0,0,0.0057034,3.3612e-05,0.0074534,9.6177e-05,0.046476,0.059968,0.052283,0.02728,0.91231,0.17059,0.43643,0.055965,0.53858,0.34903,1
0.41107,0.4125,0.5,0,0,0.01711,0.00012324,0.043478,0.0017125,0.029435,0.031605,0.041973,0.01403,0.83955,0.19882,0.4649,0.041973,0.70833,0.25256,1
0.73123,0.49583,0.5,0,0,0.01711,0.00012324,0.0086957,0.00010954,0.03718,0.050243,0.041237,0.020265,0.91231,0.16,0.45351,0.046392,0.58796,0.36181,1
0.22134,0.44167,0.5,0,0,0.015209,0.00020914,0.0086957,4.5417e-05,0.044152,0.055916,0.049337,0.02728,0.90112,0.16706,0.45351,0.053019,0.51036,0.34587,1
0.75889,0.54583,0.5,0.33333,0,0.013308,6.3489e-05,0.038509,0.00010954,0.033566,0.049433,0.03461,0.017147,0.93284,0.14471,0.45731,0.044919,0.64616,0.39772,1
0.60474,0.45417,0.5,0,0,0.015209,2.9877e-05,0.0099379,8.5491e-05,0.04157,0.056726,0.044919,0.023383,0.92537,0.15765,0.44402,0.051546,0.56944,0.37333,1
0.88933,0.54167,0.5,0,0,0.01711,0.00043695,0.017391,0.00027785,0.037697,0.051053,0.041237,0.021044,0.91418,0.15765,0.45541,0.046392,0.57407,0.36941,1
0.3004,0.47083,0.5,0,0,0.01711,0.00012324,0.013665,4.5417e-05,0.035631,0.050243,0.037555,0.019486,0.92351,0.14941,0.4592,0.045655,0.5959,0.3847,1
0.47431,0.46667,0.5,0,0,0.053232,0.0024947,0.019876,0.00079079,0.048541,0.057536,0.055965,0.031956,0.8806,0.17882,0.45541,0.055965,0.475,0.31284,1
0.93281,0.51667,0.5,0,0,0.019011,0.00020914,0.014907,0.00025647,0.028918,0.041329,0.031664,0.01403,0.91045,0.15176,0.46869,0.037555,0.64722,0.37543,1
0.77075,0.5125,0.5,0,0,0.019011,0.00025396,0.017391,0.00021373,0.042344,0.054295,0.047128,0.025721,0.90299,0.16471,0.45541,0.051546,0.52998,0.34883,1
0.047431,0.575,0.5,0,0,0.030418,0.00079174,0.02236,0.00089765,0.038471,0.029984,0.058174,0.025721,0.76306,0.23529,0.48387,0.058174,0.58816,0.17377,1
0.11067,0.475,0.5,0,0,0.013308,6.3489e-05,0.014907,0.00012824,0.040795,0.052674,0.045655,0.024162,0.90299,0.16471,0.45541,0.048601,0.52976,0.35253,1
0.6087,0.5375,0.5,0,0,0.015209,0.00011951,0.014907,6.4118e-05,0.034857,0.047812,0.036819,0.020265,0.91231,0.14941,0.47059,0.044183,0.56415,0.3795,1
0.39526,0.49583,0.5,0,0,0.020913,0.00024275,0.014907,0.00041677,0.040279,0.054295,0.044183,0.022603,0.91791,0.16,0.44782,0.050074,0.5754,0.36475,1
0.72332,0.1375,0.5,0,0,0.01711,0.00012324,0.02236,0.00054501,0.69016,0.61994,0.80486,0.63523,0.12873,0.84471,0.14611,0.80486,0.30002,0.13256,2
0.094862,0.029167,0.5,0,0,0.022814,8.9631e-05,0.012422,0.00027784,0.79577,0.74716,0.87703,0.75526,0.2444,0.70941,0.24668,0.87703,0.22573,0.12855,2
0.98419,0.10833,0.5,0,0,0.020913,0.00024275,0.023602,0.0006866,0.66873,0.58428,0.80265,0.60717,0.037313,0.93176,0.098672,0.80265,0.33849,0.13191,2
0.66798,0.10417,0.5,0,0,0.038023,0.00034359,0.040994,0.0010499,0.71831,0.65316,0.8299,0.66173,0.15485,0.83647,0.13283,0.8299,0.28465,0.13629,2
0.917,0.22083,0.5,0,0,0.034221,0.00080668,0.017391,0.00014961,0.64704,0.56321,0.78645,0.57911,0.048507,0.95294,0.053131,0.78645,0.34921,0.13686,2
0.96443,0.34167,0.5,0.33333,0,0.098859,0.0039288,0.043478,0.0035399,0.6016,0.5154,0.743,0.5339,0.046642,0.95176,0.056926,0.743,0.36964,0.13642,2
0.86957,0.1,0.5,0,0,0.022814,0.00013445,0.021118,7.7476e-05,0.68836,0.60778,0.81222,0.63367,0.057836,0.88824,0.14801,0.81222,0.32001,0.12815,2
0.28854,0.32083,0.5,0,0,0.024715,0.00033239,0.01118,0.00015228,0.77098,0.74068,0.84536,0.72019,0.37873,0.67059,0.17268,0.84536,0.20468,0.15192,2
0.57312,0.2125,0.5,0,0,0.030418,0.00020914,0.02236,0.00025647,0.69481,0.6248,0.80486,0.64458,0.12873,0.82353,0.18027,0.80486,0.29458,0.12877,2
0.019763,0.17917,0.5,0,0,0.020912,0.00010831,0.021118,0.00039807,0.8141,0.79579,0.87776,0.76306,0.44776,0.62941,0.16888,0.87776,0.18115,0.16201,2
0.74704,0.35417,0.5,0,0,0.013308,0.00019794,0.021118,0.00030189,0.6331,0.55429,0.76657,0.56664,0.087687,0.92118,0.064516,0.76657,0.34294,0.13837,2
0.47431,0.18333,0.5,0,0,0.051331,0.0029018,0.032298,0.00085491,0.71856,0.6564,0.82253,0.66719,0.17537,0.8,0.17078,0.82253,0.2748,0.13316,2
0.94862,0.27083,0.5,0,0,0.028517,0.00021288,0.029814,0.00051294,0.62794,0.54376,0.77246,0.55495,0.052239,0.97294,0.017078,0.77246,0.36019,0.14037,2
0.1581,0.34167,0.5,0,0,0.024715,0.00015312,0.023602,0.0010072,0.78286,0.7577,0.84831,0.73655,0.41045,0.63059,0.20493,0.84831,0.18831,0.15155,2
0.35968,0.14583,0.5,0,0,0.020913,0.00024275,0.024845,0.00072667,0.74955,0.68476,0.8542,0.69992,0.14739,0.81059,0.18216,0.8542,0.2715,0.12983,2
0.4664,0.30833,0.5,0,0,0.01711,0.0003025,0.019876,0.00043814,0.70436,0.64749,0.81222,0.6438,0.21642,0.81529,0.10436,0.81222,0.27547,0.14401,2
0.30435,0.20417,0.5,0,0,0.015209,0.00020914,0.017391,0.00027784,0.7653,0.72609,0.84978,0.71239,0.31903,0.71765,0.1575,0.84978,0.22336,0.14727,2
0.83399,0.29167,0.5,0,0,0.024715,0.00010831,0.018634,5.6104e-05,0.64265,0.56321,0.78498,0.56742,0.080224,0.96588,0,0.78498,0.3479,0.14384,2
0.69565,0.30833,0.5,0,0,0.028517,0.00016806,0.019876,0.0003099,0.65221,0.5778,0.78203,0.58535,0.11194,0.90824,0.060721,0.78203,0.3286,0.14031,2
0.81423,0.85833,0.5,0,0,0.026616,0.00047803,0.045963,0.00065454,0.043894,0.036467,0.027982,0.06781,0.76866,0.065882,0.75142,0.064065,0.58261,0.84281,7
0.51383,0.92917,0.5,0,0,0.028517,0.00030251,0.019876,0.00043814,0.040021,0.029173,0.029455,0.061574,0.74627,0.090588,0.73435,0.058174,0.55661,0.87931,7
0.75099,0.64167,0.5,0,0,0.011407,0.00017926,0.054658,0.00082285,0.099664,0.08752,0.09352,0.11769,0.71828,0.12588,0.70588,0.11635,0.31813,0.94646,7
0.40316,0.85417,0.5,0,0,0.051331,0.0005714,0.018634,0.00085758,0.049316,0.037277,0.033137,0.077942,0.73507,0.065882,0.78558,0.073638,0.59312,0.86013,7
0.086957,0.94167,0.5,0,0,0.057034,0.0024649,0.039752,0.0014961,0.040795,0.030794,0.030191,0.061574,0.75187,0.090588,0.72865,0.058174,0.54127,0.87712,7
0.89328,0.87917,0.5,0,0,0.072243,0.0026292,0.058385,0.005239,0.065066,0.062399,0.05081,0.082619,0.79478,0.078824,0.70398,0.078056,0.37369,0.83087,7
0.18577,0.75417,0.5,0,0,0.041825,0.0010158,0.064596,0.0034838,0.069455,0.063209,0.049337,0.096648,0.76866,0.051765,0.77419,0.091311,0.47624,0.83145,7
0.95652,0.64583,0.5,0,0,0.020913,0.00033238,0.016149,0.00023777,0.093209,0.081848,0.080265,0.11769,0.72575,0.091765,0.75332,0.11119,0.33051,0.89118,7
0.047431,0.75,0.5,0,0,0.12167,0.0054526,0.17391,0.028875,0.17635,0.1718,0.19809,0.15744,0.74627,0.27765,0.43264,0.19956,0.23711,0.19909,6
0.80237,0.69167,0.5,0,0,0.060837,0.010786,0.18634,0.019716,0.22928,0.21151,0.26951,0.20343,0.63806,0.37882,0.37951,0.26951,0.28109,0.15837,6
0.40316,0.725,0.5,0,0,0.062738,0.0046944,0.22112,0.068468,0.21534,0.20259,0.24521,0.19564,0.67724,0.32588,0.42505,0.2489,0.25044,0.099652,6
0.10277,0.74167,0.5,0,0,0.034221,0.00031371,0.058385,0.0018087,0.22851,0.21151,0.26951,0.20109,0.64366,0.38235,0.36812,0.26951,0.29784,0.16451,6
0.10672,0.7375,0.5,0,0,0.04943,0.0015088,0.11429,0.013711,0.20888,0.19611,0.24153,0.18628,0.6791,0.33765,0.40417,0.24153,0.27586,0.16127,6
0.14229,0.74167,0.5,0,0,0.047529,0.0014976,0.12795,0.017229,0.20914,0.19773,0.2408,0.18628,0.68843,0.33294,0.40228,0.2408,0.26525,0.16685,6
0.70751,0.7,0.5,0,0,0.077947,0.0025283,0.10186,0.005247,0.24735,0.22853,0.29234,0.21746,0.625,0.40588,0.34915,0.29234,0.30117,0.16267,6
0.035573,0.74583,0.5,0,0,0.091255,0.007036,0.055901,0.0019155,0.2298,0.21394,0.27246,0.19953,0.65112,0.39059,0.34725,0.27246,0.30571,0.17193,6
0.44664,0.72083,0.5,0,0,0.024715,0.00033238,0.20994,0.020884,0.2174,0.20746,0.24595,0.19641,0.6959,0.32,0.41556,0.24595,0.23234,0.14838,6
0.59684,0.5875,0.5,0,0,0.0057034,3.3612e-05,0.047205,0.0031311,0.0098115,0.0072934,0.0162,0.005456,0.81343,0.16471,0.54649,0.0162,0.43915,0.17525,5
0.67984,0.5875,0.5,0,0,0.0076046,2.9877e-05,0.018634,0.00012022,0.025045,0.019449,0.038292,0.016368,0.78731,0.20118,0.51423,0.038292,0.59974,0.17567,5
0.17787,0.59583,0.5,0.33333,0,0.10837,0.0082797,0.036025,0.00087895,0.04441,0.070502,0.030928,0.033515,1,0.077647,0.49715,0.064065,0.56193,0.51023,5
0.33597,0.6,0.5,0,0,0.14639,0.01064,0.1205,0.043453,0.060935,0.048622,0.08542,0.046765,0.72948,0.26353,0.47249,0.08542,0.39239,0.16198,5
0.81818,0.59583,0.5,0,0.5,0.39924,0.12692,0.021118,0.00049424,0.060676,0.04295,0.092047,0.044427,0.69216,0.29647,0.45731,0.092047,0.77152,0.16406,5
0.67984,0.6125,0.5,0.33333,0,0.064639,0.0037048,0.026087,0.00034464,0.058353,0.051864,0.078056,0.043648,0.77052,0.24,0.46869,0.078056,0.47298,0.1913,4
0.50198,0.625,0.5,0,0,0.019011,0.00025396,0.017391,0.00011755,0.049832,0.040519,0.072165,0.035074,0.75373,0.25059,0.46869,0.072165,0.54092,0.17592,4
