0.52569,0.73333,0.5,0,0,0.064639,0.001528,0.047205,0.0012874,0.41389,0.38412,0.49116,0.36009,0.49627,0.6,0.16698,0.49116,0.30746,0.16967,6
0.77866,0.71667,0.5,0,0,0.036122,0.0011915,0.075776,0.0011523,0.37671,0.35656,0.44109,0.32736,0.57463,0.52941,0.20114,0.44109,0.29862,0.1795,6
0.43874,0.775,0.5,0,0,0.14449,0.0030188,0.11056,0.0022526,0.35089,0.32577,0.41237,0.30943,0.54851,0.50941,0.25996,0.41237,0.29633,0.16334,6
0.65613,0.74167,0.5,0,0,0.12928,0.0022564,0.084472,0.001114,0.40718,0.37439,0.48012,0.36087,0.47761,0.57765,0.22201,0.48012,0.29552,0.15829,6
0.43083,0.74167,0.5,0,0,0.034221,0.00067223,0.027329,0.00085574,0.090111,0.079417,0.061119,0.13094,0.73134,0.014118,0.87287,0.12371,0.50814,0.83185,7
0.24111,0.8875,0.5,0,0,0.032319,0.0010926,0.052174,0.0011779,0.10199,0.096434,0.075847,0.13484,0.76306,0.030588,0.81404,0.12739,0.40897,0.82334,7
0.16996,0.925,0.5,0,0,0.076046,0.0021644,0.047205,0.00095776,0.10096,0.091572,0.07511,0.13718,0.73694,0.031765,0.83871,0.1296,0.42217,0.83849,7
0.35178,0.74167,0.5,0,0,0.030418,0.00078587,0.023602,0.00059709,0.089853,0.076175,0.062592,0.13172,0.71082,0.022353,0.88046,0.12445,0.4971,0.84439,7
0.57312,0.79167,0.5,0,0,0.020913,0.00033047,0.023602,0.0005774,0.074361,0.063209,0.046392,0.11458,0.73321,0.015294,0.86907,0.10825,0.57085,0.83158,7
0.89723,0.7125,0.5,0.33333,0,0.030418,0.00069428,0.017391,0.0004728,0.11696,0.10616,0.084683,0.16134,0.72201,0.0047059,0.89753,0.15243,0.44436,0.83278,7
0.63636,0.94167,0.5,0.33333,0,0.077947,0.001153,0.059627,0.00185,0.092177,0.079417,0.066274,0.13172,0.71642,0.029412,0.86338,0.12445,0.47283,0.8452,7
0.45455,0.975,0.5,0,0,0.077947,0.0011724,0.050932,0.0010798,0.11412,0.098865,0.094993,0.14887,0.69216,0.067059,0.82732,0.14065,0.3849,0.88006,7
0.78656,0.99583,0.5,0,0,0.077947,0.0014326,0.032298,0.00073979,0.064291,0.047812,0.048601,0.096648,0.69963,0.071765,0.81214,0.091311,0.56339,0.8792,7
0.035573,0.88333,0.5,0.33333,0,0.051331,0.0010787,0.079503,0.0021272,0.10483,0.10049,0.08542,0.12938,0.77052,0.063529,0.75332,0.12224,0.33067,0.83186,7
0.34387,0.83333,0.5,0.66667,0,0.047529,0.00088716,0.054658,0.0010499,0.075394,0.06483,0.05081,0.11146,0.73694,0.031765,0.83871,0.1053,0.52433,0.83688,7
0.66798,0.89583,0.5,0,0,0.053232,0.0014365,0.053416,0.0009302,0.082881,0.073744,0.053019,0.12315,0.7444,0.0082353,0.86907,0.11635,0.54833,0.82541,7
0.24901,0.6875,0.5,0,0,0.079848,0.00092661,0.02236,0.00066286,0.35399,0.33549,0.41311,0.30865,0.59328,0.49882,0.2315,0.41311,0.29406,0.17851,6
0.78656,0.74167,0.5,0,0,0.038023,0.0010978,0.070807,0.00072533,0.34624,0.32901,0.40353,0.30164,0.60448,0.48824,0.23719,0.40353,0.29381,0.17979,6
0.52964,0.725,0.5,0.33333,0,0.076046,0.0028335,0.050932,0.0009302,0.33437,0.32172,0.37997,0.29774,0.63993,0.42941,0.29602,0.37997,0.25919,0.1783,6
0.99605,0.75417,0.5,0,0,0.074144,0.0020251,0.057143,0.001114,0.33127,0.30875,0.39249,0.28761,0.57276,0.50353,0.24478,0.39249,0.30747,0.1719,6
0.20949,0.6875,0.5,0,0,0.072243,0.00069428,0.059627,0.0019415,0.35321,0.33549,0.41532,0.30398,0.59888,0.51294,0.20304,0.41532,0.30857,0.18345,6
0.80632,0.74583,0.5,0,0,0.043726,0.0010065,0.036025,0.00081064,0.34495,0.32658,0.40206,0.30164,0.59701,0.48706,0.24668,0.40206,0.29079,0.17738,6
0.57708,0.7125,0.5,0,0,0.077947,0.0017194,0.065839,0.0011523,0.3039,0.29417,0.34831,0.26578,0.66978,0.41647,0.28653,0.34831,0.27867,0.18887,6
0.67984,0.74583,0.5,0.33333,0,0.079848,0.0025861,0.034783,0.00086915,0.35167,0.32739,0.41311,0.30943,0.5541,0.50941,0.25427,0.41311,0.29213,0.16712,6
0.84585,0.75833,0.5,0,0,0.068441,0.00052071,0.10807,0.00093433,0.31526,0.29822,0.36672,0.2767,0.61567,0.45294,0.28273,0.36672,0.28924,0.17528,6
0.79447,0.75833,0.5,0,0,0.038023,0.00075657,0.075776,0.0017956,0.29073,0.27634,0.33579,0.25643,0.64179,0.41647,0.31499,0.33579,0.27839,0.17647,6
0.97628,0.7875,0.5,0,0,0.047528,0.00096053,0.039752,0.00084212,0.32146,0.30146,0.37482,0.28371,0.59328,0.46353,0.28843,0.37482,0.28666,0.16891,6
0.99209,0.79167,0.5,0,0,0.15779,0.005541,0.12422,0.0041803,0.28092,0.26094,0.32474,0.25331,0.60634,0.40824,0.36433,0.32474,0.27537,0.14578,6
0.9249,0.77083,0.5,0,0,0.057034,0.0013445,0.049689,0.00082828,0.32946,0.3047,0.38807,0.29072,0.55784,0.49059,0.28083,0.38807,0.29424,0.16277,6
0.43083,0.7125,0.5,0,0,0.081749,0.001809,0.057143,0.0011244,0.32326,0.31118,0.37334,0.28137,0.64739,0.44824,0.25806,0.37334,0.28765,0.18704,6
0.92885,0.75833,0.5,0,0,0.091255,0.0017006,0.090683,0.0023628,0.34237,0.31605,0.40574,0.30008,0.54291,0.51647,0.25427,0.40574,0.30314,0.16431,6
0.55731,0.71667,0.5,0.33333,0,0.034221,0.00087649,0.034783,0.0010717,0.30106,0.29335,0.34462,0.26189,0.6847,0.41176,0.27894,0.34462,0.28154,0.19414,6
0.6996,0.725,0.5,0,0,0.089354,0.0018215,0.069565,0.0016425,0.34185,0.32091,0.40206,0.29774,0.58022,0.50118,0.24099,0.40206,0.30004,0.17426,6
0.88142,0.74583,0.5,0,0,0.098859,0.0021539,0.067081,0.0013344,0.33101,0.30956,0.38881,0.28995,0.58022,0.48706,0.26376,0.38881,0.29562,0.17094,6
0.71542,0.72917,0.5,0.33333,0,0.12548,0.002061,0.039752,0.00089536,0.33772,0.31929,0.39691,0.29228,0.59888,0.49529,0.2315,0.39691,0.30452,0.17982,6
0.73123,0.7375,0.5,0,0,0.062738,0.001271,0.043478,0.00090499,0.34831,0.32901,0.40722,0.30398,0.58955,0.49647,0.23909,0.40722,0.29477,0.1764,6
0.34387,0.70417,0.5,0,0,0.051331,0.00094472,0.085714,0.0020837,0.35141,0.32982,0.41311,0.30631,0.57276,0.51059,0.2334,0.41311,0.30092,0.17383,6
0.66403,0.74583,0.5,0,0,0.10646,0.0018246,0.064596,0.0015105,0.36638,0.34198,0.43078,0.32112,0.54851,0.52706,0.2315,0.43078,0.29706,0.16945,6
0.12253,0.675,0.5,0,0,0.058935,0.0017965,0.20124,0.0048686,0.3039,0.28849,0.35052,0.2689,0.6306,0.42706,0.3093,0.35052,0.26691,0.17549,6
0.88538,0.10417,0.5,0,0,0.015209,0.00027444,0.0086957,0.0002364,0.055254,0.036467,0.090574,0.035853,0.68657,0.31412,0.43454,0.090574,0.63492,0.15728,5
0.49012,0.575,0.5,0,0,0,0,0,1.1469e-11,0,0,0,0,0.83396,0.13176,0.57875,0,0,0.51105,5
0.94466,0.21667,0.5,0,0,0.019011,0.00054888,0.0086957,0.00028109,0.062484,0.046191,0.092784,0.045986,0.70149,0.29176,0.45541,0.092784,0.5477,0.15484,5
0.87352,0.2125,0.5,0,0,0.0095057,0.00025302,0.014907,0.00040234,0.044668,0.029984,0.075847,0.025721,0.71828,0.29176,0.43833,0.075847,0.68081,0.16956,5
0.73123,0.32917,0.5,0,0,0.15209,0.0014677,0.014907,0.00034004,0.069972,0.055105,0.099411,0.053001,0.70896,0.28941,0.45161,0.099411,0.53393,0.16404,5
0.81028,0.0041667,0.5,0,0,0.089354,0.0014944,0.10062,0.0024224,0.079783,0.061588,0.11708,0.057677,0.68284,0.32941,0.41366,0.11708,0.54377,0.16447,5
0.77075,0.35,0.5,0,0,0.058935,0.0011332,0.029814,0.00091242,0.053189,0.049433,0.071429,0.037412,0.79104,0.23176,0.4611,0.071429,0.51257,0.21739,5
0.79051,0.095833,0.5,0,0,0.14639,0.0030836,0.0099379,0.00029119,0.095791,0.071313,0.13844,0.074045,0.63433,0.35882,0.41556,0.13844,0.54486,0.14795,5
0.90909,0.33333,0.5,0,0,0.01711,0.00028122,0.012422,0.00012416,0.041828,0.033225,0.064801,0.025721,0.76119,0.25176,0.4592,0.064801,0.62065,0.18622,5
0.68379,0.5875,0.5,0,0,0,0,0,1.1469e-11,0,0,0,0,0.83396,0.13176,0.57875,0,0,0.51105,5
0.69565,0.091667,0.5,0,0,0.057034,0.0015908,0.096894,0.0021452,0.060935,0.047002,0.086892,0.046765,0.71828,0.27059,0.47249,0.086892,0.5471,0.16587,5
0.86561,0.20833,0.5,0,0,0.0095057,0.00013722,0.012422,0.00019632,0.048025,0.033225,0.079529,0.028839,0.71642,0.29412,0.43643,0.079529,0.65589,0.16867,5
0.81028,0.20833,0.5,0,0,0.019011,0.00040706,0.01118,0.00033143,0.049316,0.034036,0.081001,0.030398,0.71269,0.29529,0.43833,0.081001,0.64589,0.16712,5
0.70751,0.54583,0.5,0,0,0.0057034,0.00028122,0.0024845,0.00012416,0.00077459,0,0.0022091,0,0.82836,0.13882,0.57306,0.0022091,0.22222,0.15945,5
0.95257,0.57083,0.5,0,0,0,0,0,1.1469e-11,0,0,0,0,0.83396,0.13176,0.57875,0,0,0.51105,5
0.5415,0.55417,0.5,0,0,0.030418,0.00086785,0.0062112,0.00038521,0.0046476,0.0040519,0.0066274,0.0031177,0.82836,0.14235,0.56736,0.0066274,0.37037,0.19137,5
0.50988,0.55833,0.5,0,0,0,0,0,1.1469e-11,0,0,0,0,0.83396,0.13176,0.57875,0,0,0.51105,5
0.63241,0.55417,0.5,0,0,0,0,0,1.1469e-11,0,0,0,0,0.83396,0.13176,0.57875,0,0,0.51105,5
0.74308,0.54167,0.5,0,0,0,0,0,1.1469e-11,0,0,0,0,0.83396,0.13176,0.57875,0,0,0.51105,5
0.65217,0.10417,0.5,0,0,0,0,0,1.1469e-11,0,0,0,0,0.83396,0.13176,0.57875,0,0,0.51105,5
0.71542,0.5875,0.5,0,0,0.026616,0.0009895,0.018634,0.00078651,0.0054222,0.0024311,0.011046,0.0023383,0.81157,0.16,0.55598,0.011046,0.70556,0.15945,5
0.8498,0.58333,0.5,0,0,0.0057034,0.00028122,0.0024845,0.00012416,0.00077459,0,0.0022091,0,0.82836,0.13882,0.57306,0.0022091,0.22222,0.15945,5
0.88933,0.55417,0.5,0,0,0,0,0,1.1469e-11,0,0,0,0,0.83396,0.13176,0.57875,0,0,0.51105,5
0.73913,0.32083,0.5,0,0,0.022814,0.00047534,0.0074534,0.00021506,0.051123,0.037277,0.081001,0.032736,0.72201,0.28706,0.44213,0.081001,0.61791,0.16929,5
0.6087,0.2375,0.5,0,0,0.11787,0.0038185,0.0037267,0.00020117,0.016008,0.015397,0.019146,0.01325,0.82463,0.15059,0.55787,0.019146,0.11574,0.1986,5
0.82609,0.59167,0.5,0,0,0,0,0,1.1469e-11,0,0,0,0,0.83396,0.13176,0.57875,0,0,0.51105,5
0.73913,0.25833,0.5,0,0,0.036122,0.00093672,0.050932,0.001438,0.28014,0.26013,0.3299,0.2463,0.60634,0.43647,0.31879,0.3299,0.2971,0.16607,4
0.59289,0.325,0.5,0,0,0.28707,0.0046155,0.016149,0.00028109,0.22102,0.19935,0.27172,0.18784,0.61381,0.42706,0.32638,0.27172,0.35127,0.16748,4
0.16996,0.1625,0.5,0,0,0.039924,0.00096834,0.023603,0.00028109,0.45391,0.41815,0.5324,0.40452,0.44216,0.61529,0.19734,0.5324,0.29017,0.1572,4
0.44664,0.55833,0.5,0.33333,0,0.074144,0.0013233,0.02236,0.00050436,0.42603,0.3825,0.50884,0.37958,0.39739,0.62941,0.22011,0.50884,0.31714,0.1474,4
0.55336,0.025,0.5,0.33333,1,0.12738,0.0044865,0.1118,0.0016728,0.31087,0.29417,0.35788,0.2767,0.6194,0.43059,0.31499,0.35788,0.26819,0.17025,4
0.90514,0.44167,0.5,0,0,0.11217,0.00093672,0.032298,0.00062082,0.27214,0.24473,0.3299,0.23694,0.55784,0.47294,0.3093,0.3299,0.33503,0.15746,4
0.97628,0.38333,0.5,0,0,0.032319,0.00057893,0.024845,0.00067438,0.24839,0.22447,0.29971,0.21668,0.58955,0.43647,0.33586,0.29971,0.32391,0.15807,4
0.89723,0.045833,0.5,0,0,0.038023,0.00086785,0.031056,0.00070375,0.34624,0.31199,0.41679,0.30398,0.48694,0.55176,0.25427,0.41679,0.31947,0.15456,4
0.70356,0.50833,0.5,0,0,0.081749,0.0023996,0.019876,0.00054122,0.25639,0.23339,0.30707,0.22447,0.59328,0.43529,0.33397,0.30707,0.3134,0.15992,4
0.40316,0.225,0.5,0,0,0.043726,0.0010926,0.027329,0.00065702,0.41931,0.39222,0.48969,0.37023,0.51306,0.56824,0.20114,0.48969,0.28705,0.16826,4
0.039526,0.2125,0.5,0,0,0.030418,0.00050604,0.016149,0.00028109,0.46553,0.41896,0.56112,0.40842,0.36381,0.7,0.14042,0.56112,0.32276,0.1544,4
0.1581,0.375,0.5,0,0,0.058935,0.00093671,0.045963,0.0011218,0.44875,0.41491,0.52651,0.39829,0.45709,0.61059,0.18975,0.52651,0.28936,0.16026,4
0.73123,0.3625,0.5,0,0,0.043726,0.0011915,0.13292,0.0022216,0.23677,0.22609,0.27172,0.20966,0.6847,0.35529,0.37002,0.27172,0.2657,0.18196,4
0.82213,0.24583,0.5,0,0.5,0.076046,0.0018369,0.19627,0.0024972,0.25613,0.24554,0.29455,0.22525,0.6791,0.37647,0.34156,0.29455,0.27336,0.18191,4
0.33992,0.5625,0.5,0,0,0.032319,0.00061672,0.11429,0.0033992,0.3008,0.26904,0.3704,0.25721,0.51866,0.53647,0.24668,0.3704,0.34745,0.16156,4
0.43874,0.1125,0.5,0,0,0.37833,0.011167,0.024845,0.00077042,0.45056,0.42464,0.51988,0.4014,0.51119,0.57059,0.19924,0.51988,0.27166,0.16878,4
0.42688,0.37083,0.5,0,0,0.032319,0.00049475,0.0099379,0.00029119,0.3984,0.37601,0.46171,0.3523,0.55224,0.52941,0.22391,0.46171,0.27896,0.17126,4
0.5336,0.14167,0.5,0,0,0.041825,0.0015573,0.045963,0.001101,0.37,0.35089,0.42268,0.33203,0.58396,0.47176,0.28463,0.42268,0.25937,0.16759,4
0.20553,0.12917,0.5,0,0,0.11217,0.00071827,0.013665,0.00038521,0.197,0.17828,0.24006,0.16913,0.64179,0.38471,0.36622,0.24006,0.33789,0.16505,4
0.3083,0.070833,0.5,0,0,0.14639,0.0037933,0.018634,0.00047484,0.43506,0.38979,0.5243,0.38348,0.38246,0.66235,0.18216,0.5243,0.32456,0.15104,4
0.88142,0.47083,0.5,0,0,0.053232,0.0013047,0.042236,0.00085574,0.30338,0.26823,0.37334,0.26267,0.4944,0.53882,0.26755,0.37334,0.34802,0.15384,4
0.36759,0.3875,0.5,0,0,0.22624,0.0014326,0.02236,0.00037249,0.38859,0.35656,0.46097,0.34217,0.48881,0.57059,0.22201,0.46097,0.30307,0.16094,4
0.15415,0.025,0.5,0,0,0.043726,0.00096054,0.032298,0.00079987,0.49161,0.45543,0.57364,0.43882,0.42724,0.64118,0.17078,0.57364,0.28624,0.15876,4
0.086957,0.058333,0.5,0,0,0.038023,0.00075657,0.013665,0.00046665,0.49109,0.44246,0.58984,0.43258,0.34142,0.72118,0.12903,0.58984,0.31819,0.1534,4
0.28854,0.22083,0.5,0,0,0.062738,0.0012165,0.04472,0.00080468,0.39453,0.36224,0.47054,0.34451,0.48507,0.58941,0.19545,0.47054,0.313,0.16402,4
0.60079,0.4375,0.5,0,0,0.11217,0.002492,0.024845,0.00060191,0.20527,0.18233,0.25405,0.17537,0.61007,0.41412,0.35104,0.25405,0.35576,0.16006,4
0.19763,0.22083,0.5,0,0,0.59886,0.0012165,0.014907,0.00050436,0.27885,0.25689,0.33211,0.24318,0.59328,0.45294,0.3055,0.33211,0.3101,0.17021,4
0.13043,0.4375,0.5,0,0,0.19772,0.0044422,0.01118,0.00020117,0.42525,0.3825,0.50663,0.37958,0.40299,0.62235,0.22581,0.50663,0.31323,0.14813,4
0.54545,0.43333,0.5,0.33333,0,0.072243,0.0009664,0.016149,0.00046665,0.32585,0.30956,0.37334,0.29072,0.61754,0.43647,0.3074,0.37334,0.26411,0.17175,4
0.57708,0.31667,0.5,0,0,0.23384,0.0066743,0.034783,0.0012229,0.30209,0.27634,0.36377,0.26111,0.5597,0.49882,0.26565,0.36377,0.31971,0.16684,4
0.60079,0.27917,0.5,0,0,0.32129,0.0057176,0.065839,0.0025374,0.21121,0.19773,0.24816,0.18472,0.67351,0.35882,0.37571,0.24816,0.30021,0.17231,4
0.32411,0.29167,0.5,0,0,0.015209,0.00034714,0.016149,0.00028109,0.41441,0.37844,0.49337,0.36477,0.45336,0.60824,0.19734,0.49337,0.30742,0.1587,4
0.11067,0.029167,0.5,0.66667,0,0.026616,0.00081411,0.038509,0.0009302,0.47612,0.43031,0.57069,0.41933,0.36567,0.69765,0.14232,0.57069,0.31716,0.15454,4
0.17391,0.45833,0.5,0,0,0.070342,0.0012651,0.14783,0.001932,0.38317,0.34846,0.45508,0.33983,0.47201,0.56706,0.24478,0.45508,0.30719,0.15398,4
0.58103,0.40833,0.5,0,0,0.034221,0.0012212,0.027329,0.0004728,0.34444,0.31037,0.41679,0.30008,0.48881,0.56,0.23909,0.41679,0.32514,0.15759,4
0.79447,0.041667,0.5,0,0,0.011407,0.0003682,0.11677,0.0018851,0.28402,0.27066,0.32695,0.25097,0.65112,0.40471,0.32448,0.32695,0.27452,0.17684,4
0.3004,0.51667,0.5,0,0,0.10076,0.0019875,0.039752,0.00069132,0.33023,0.29903,0.40206,0.28371,0.51306,0.55412,0.22391,0.40206,0.33466,0.16464,4
0.41502,0.225,0.5,0.66667,0,0.076046,0.0016693,0.050932,0.00059709,0.42267,0.39141,0.49411,0.37646,0.48321,0.57412,0.22201,0.49411,0.28732,0.16001,4
0.99209,0.27083,0.5,0,0,0.058935,0.001153,0.012422,0.00024833,0.29486,0.26256,0.35862,0.25799,0.51679,0.50706,0.29602,0.35862,0.33488,0.15196,4
0.35178,0.10417,0.5,0,0,0.032319,0.00033047,0.024845,0.00088235,0.46269,0.41248,0.56186,0.4053,0.33955,0.71647,0.13852,0.56186,0.33282,0.15203,4
0.63636,0.61667,0.5,0,0,0.074144,0.00096834,0.049689,0.0010499,0.18203,0.18395,0.19588,0.16524,0.78918,0.24118,0.44782,0.19588,0.20285,0.20844,4
0.22925,0.45417,0.5,0,0,0.074144,0.0020026,0.032298,0.0013488,0.13297,0.076985,0.21944,0.09509,0.40485,0.57765,0.29602,0.21944,0.68127,0.13647,3
0.31621,0.55833,0.5,0,0.5,0.15589,0.0045725,0.1677,0.0044094,0.093726,0.072123,0.13328,0.072486,0.65485,0.34353,0.41935,0.13328,0.53273,0.16483,3
0.12648,0.34583,0.5,0,0,0.045627,0.00021258,0.057143,0.0011845,0.041053,0.023501,0.051546,0.046765,0.69963,0.19176,0.6186,0.051546,0.60979,0.029249,3
0.37549,0.49583,0.5,0,0,0.019011,0.00045922,0.027329,0.0004728,0.016783,0.0032415,0.033137,0.012471,0.73507,0.21412,0.54649,0.033137,0.93122,0.11382,3
0.12648,0.3625,0.5,0,0,0.020913,0.00061672,0.029814,0.00066286,0.014201,0.0040519,0.023564,0.01403,0.75933,0.18,0.57685,0.023564,0.88333,0.083147,3
0.14229,0.38333,0.5,0,0,0.060837,0.0021434,0.065839,0.0024681,0.026853,0.013776,0.041237,0.024162,0.73507,0.20706,0.55787,0.041237,0.79907,0.091703,3
0.18182,0.48333,0.5,0,0,0.039924,0.00096834,0.023602,0.00035392,0.12264,0.06564,0.19956,0.095869,0.40112,0.52941,0.37761,0.19956,0.70148,0.12052,3
0.46245,0.475,0.5,0,0,0.011407,0.00030063,0.019876,0.00024833,0.0080041,0,0.020619,0.0023383,0.77612,0.19412,0.537,0.020619,1,0.14581,3
0.41502,0.4,0.5,0,0,0.038023,0.0007261,0.014907,0.00030414,0.15724,0.094814,0.23859,0.13094,0.35261,0.55882,0.37951,0.23859,0.63854,0.11576,3
0.2253,0.4875,0.5,0.33333,0,0.10076,0.0017711,0.054658,0.0012134,0.1149,0.073744,0.17158,0.09431,0.51306,0.43059,0.42315,0.17158,0.61338,0.1222,3
0.067194,0.31667,0.5,0,0,0.053232,0.001979,0.042236,0.0012601,0.020398,0.0089141,0.037555,0.01325,0.74813,0.21882,0.52562,0.037555,0.86277,0.13677,3
0.39526,0.525,0.5,0,0,0.015209,0.00050604,0.018634,0.00058403,0.0080041,0.0016207,0.017673,0.0038971,0.78731,0.18,0.54839,0.017673,0.95,0.14162,3
0.36364,0.56667,0.5,0,0,0.10456,0.0036164,0.079503,0.0023196,0.053705,0.047002,0.065538,0.047545,0.77052,0.20118,0.53131,0.065538,0.34947,0.16447,3
0.48221,0.55,0.5,0,0,0.0095057,0.00039294,0.0062112,9.816e-05,0.0028402,0,0.0081001,0,0.81343,0.15765,0.55787,0.0081001,0.77778,0.15945,3
0.26482,0.4625,0.5,0,0,0.095057,0.0020464,0.034783,0.00144,0.14046,0.10373,0.20619,0.106,0.53545,0.48,0.32068,0.20619,0.54583,0.16519,3
0.051383,0.25,0.5,0,0,0.44677,0.010469,0.48944,0.011928,0.22205,0.18639,0.26657,0.20889,0.51679,0.39765,0.47249,0.26657,0.39567,0.10784,3
0.079051,0.4625,0.5,0,0,0.015209,0.00040706,0.0099379,0.00029119,0.003873,0,0.0081001,0.0031177,0.80597,0.15294,0.57306,0.0081001,0.55556,0.10066,3
0.26877,0.53333,0.5,0,0,0.096958,0.0017881,0.047205,0.0012038,0.126,0.11669,0.14948,0.1099,0.72948,0.27412,0.45541,0.15832,0.38661,0.22518,3
0.10277,0.42083,0.5,0,0,0.0076046,0.00034714,0.0024845,0.00019632,0.0010328,0,0.0029455,0,0.82649,0.14118,0.57116,0.0029455,0.22222,0.15945,3
0.29644,0.52917,0.5,0,1,0.11027,0.0039121,0.12298,0.0017521,0.11516,0.072123,0.16421,0.10444,0.5,0.39412,0.49526,0.16421,0.60922,0.10151,3
0.37549,0.43333,0.5,0,0,0.068441,0.00097416,0.074534,0.0010201,0.10302,0.061588,0.15169,0.091193,0.51493,0.38941,0.48767,0.15169,0.61833,0.098232,3
0.031621,0.5,0.5,0,0,0,0,0,1.1469e-11,0,0,0,0,0.83396,0.13176,0.57875,0,0,0.51105,3
0.0079051,0.39583,0.5,0,0,0.0076046,0.00017357,0.0024845,0.00012416,0.003873,0,0.011046,0,0.80597,0.16706,0.55028,0.011046,1,0.15945,3
0.37945,0.21667,0.5,0,0,0.024715,0.00044675,0.0074534,0.00015207,0.75936,0.70178,0.83579,0.73266,0.19403,0.67765,0.34915,0.83579,0.23689,0.11109,2
0.73913,0.12917,0.5,0,0,0.026616,0.00054888,0.037267,0.00091242,0.75936,0.69773,0.83652,0.73578,0.16604,0.68118,0.37192,0.83652,0.24193,0.1064,2
0.47431,0.29583,0.5,0,0,0.019011,0.00034714,0.013665,0.00031959,0.74258,0.67747,0.83432,0.70694,0.14739,0.74706,0.28463,0.83432,0.26209,0.1174,2
0.35573,0.17917,0.5,0,0,0.028517,0.00041166,0.018634,0.00047484,0.76685,0.71394,0.84242,0.73655,0.22388,0.67529,0.32258,0.84242,0.22967,0.11725,2
0.20553,0.070833,0.5,0,0,0.015209,0.00040706,0.039752,0.00062082,0.77795,0.7034,0.86598,0.75526,0.070896,0.73765,0.37761,0.86598,0.26184,0.10167,2
0.59684,0.029167,0.5,0,0,0.026616,0.00045923,0.012422,0.00019632,0.78156,0.70908,0.86451,0.76228,0.083955,0.71412,0.40228,0.86451,0.25467,0.098914,2
0.35968,0.3875,0.5,0,0,0.058935,0.0014483,0.040994,0.00099428,0.70075,0.63614,0.79455,0.66251,0.16418,0.74706,0.26755,0.79455,0.2724,0.12053,2
0.14229,0.20833,0.5,0,0,0.020913,0.00049475,0.012422,0.00019632,0.76039,0.69368,0.85052,0.72798,0.1306,0.74353,0.3074,0.85052,0.25887,0.11362,2
0.87352,0.1125,0.5,0.33333,0,0.019011,0.00040706,0.047205,0.00049666,0.79112,0.73258,0.87113,0.7615,0.17724,0.70235,0.32638,0.87113,0.23576,0.11318,2
0.62846,0.079167,0.5,0,0,0.0076045,0.00027444,0.013665,0.00044118,0.77537,0.71232,0.85493,0.75058,0.15112,0.69647,0.36243,0.85493,0.24285,0.10725,2
0.93676,0.058333,0.5,0,0,0.013308,0.00025302,0.021118,0.00059709,0.81048,0.75608,0.8866,0.78098,0.19963,0.68824,0.32638,0.8866,0.22497,0.11483,2
0.43874,0.079167,0.5,0,0,0.019011,0.00027444,0.027329,0.00051942,0.78957,0.73501,0.8623,0.76383,0.20522,0.66706,0.35484,0.8623,0.22538,0.11061,2
0.31225,0.12083,0.5,0,0,0.020913,0.00057893,0.016149,0.00055701,0.77175,0.70178,0.85493,0.74981,0.10448,0.71294,0.3833,0.85493,0.25405,0.10232,2
0.039526,0.1625,0.5,0.33333,0,0.060836,0.0010121,0.024845,0.00065702,0.76168,0.68476,0.86377,0.72642,0.059702,0.80118,0.28653,0.86377,0.2797,0.11284,2
0.52569,0.075,0.5,0,0,0.026616,0.00040706,0.0099378,0.00029119,0.78131,0.7188,0.86524,0.75136,0.15299,0.71882,0.32448,0.86524,0.24509,0.11264,2
0.30435,0.079167,0.5,0,0,0.022814,0.00067223,0.021118,0.00055701,0.7875,0.72447,0.86892,0.76072,0.14739,0.70824,0.34725,0.86892,0.24234,0.10897,2
0.81423,0.19583,0.5,0,0,0.026616,0.00034714,0.019876,0.00042106,0.76943,0.71232,0.84904,0.73889,0.19403,0.69529,0.32068,0.84904,0.23757,0.11532,2
0.68379,0.1625,0.5,0,0,0.034221,0.00076646,0.021118,0.00068712,0.74903,0.69044,0.83358,0.71473,0.1903,0.71412,0.29412,0.83358,0.24734,0.11867,2
0.18182,0.85,0.5,0,0,0.10646,0.0017996,0.075776,0.0017366,0.1198,0.10535,0.10383,0.15043,0.6959,0.083529,0.79696,0.14212,0.34177,0.89149,7
0.027668,0.78333,0.5,0,0,0.057034,0.0007954,0.031056,0.00051382,0.10457,0.097245,0.078056,0.13952,0.75,0.029412,0.82922,0.13181,0.40888,0.83092,7
0.7747,0.60417,0.5,0,0,0.032319,0.00049475,0.045963,0.0012299,0.118,0.098055,0.10309,0.15277,0.65858,0.088235,0.82732,0.14433,0.38464,0.90785,7
0.50593,0.6875,0.5,0,0,0.04943,0.00066094,0.06087,0.0011114,0.15853,0.14182,0.13108,0.20343,0.66791,0.037647,0.89943,0.19219,0.33502,0.86812,7
0.11067,0.72083,0.5,0,0,0.055133,0.0010717,0.059627,0.0013686,0.095017,0.083468,0.07511,0.12705,0.72388,0.058824,0.80835,0.12003,0.38766,0.86032,7
0.41502,0.75833,0.5,0,0,0.036122,0.00096053,0.019876,0.00044768,0.1007,0.085089,0.083211,0.13406,0.69403,0.071765,0.81784,0.12666,0.38886,0.88208,7
0.35573,0.98333,0.5,0,0,0.091255,0.0012576,0.049689,0.0010276,0.088045,0.069692,0.082474,0.11146,0.6791,0.12588,0.74573,0.1053,0.40183,0.93967,7
0.28458,0.6375,0.5,0,0,0.032319,0.00057893,0.042236,0.00075526,0.16137,0.15883,0.12666,0.20031,0.76493,0.0035294,0.85579,0.18925,0.33034,0.81295,7
0.66798,0.725,0.5,0,0,0.020913,0.00044675,0.032298,0.00075526,0.074877,0.059157,0.064801,0.10055,0.70149,0.10118,0.76281,0.094993,0.43519,0.90772,7
0.56522,0.65833,0.5,0,0,0.038023,0.00078587,0.031056,0.00053585,0.11929,0.098055,0.11929,0.13952,0.64925,0.16,0.72106,0.13181,0.32497,0.98696,7
0.039526,0.63333,0.5,0,0,0.036122,0.00093672,0.055901,0.00094663,0.13814,0.12723,0.11046,0.17771,0.71455,0.031765,0.86148,0.16789,0.34427,0.8471,7
0.64427,0.79583,0.5,0.33333,0,0.051331,0.0018379,0.036025,0.00059709,0.10534,0.08752,0.097938,0.13016,0.67724,0.12118,0.75522,0.12297,0.35402,0.93457,7
0.95257,0.71667,0.5,0,0,0.051331,0.00094472,0.048447,0.0012971,0.10715,0.092382,0.082474,0.14731,0.69776,0.038824,0.86717,0.13918,0.42024,0.85955,7
0.28063,0.93333,0.5,0.33333,0,0.096958,0.0017626,0.11801,0.0022628,0.10509,0.08752,0.099411,0.12783,0.6791,0.12941,0.74004,0.12077,0.34748,0.94519,7
0.66403,0.78333,0.5,0,0,0.043726,0.00044675,0.028571,0.00075142,0.10121,0.081037,0.096465,0.12549,0.66231,0.13294,0.75142,0.11856,0.37847,0.95328,7
0.47036,0.9,0.5,0,0,0.04943,0.0011962,0.042236,0.00058238,0.088045,0.068882,0.072901,0.12237,0.67351,0.08,0.82543,0.11561,0.45836,0.89581,7
0.83399,0.95,0.5,0,0,0.06654,0.0014638,0.052174,0.0020346,0.072295,0.055916,0.064065,0.096648,0.69776,0.10941,0.75332,0.091311,0.44597,0.91839,7
0.60474,0.99167,0.5,0,0,0.11977,0.0023263,0.10186,0.0025522,0.12548,0.10697,0.10383,0.16602,0.66604,0.057647,0.86907,0.15685,0.3984,0.88291,7
0.14625,0.95833,0.5,0,0,0.070342,0.00057893,0.034783,0.0010276,0.099923,0.079417,0.092784,0.12705,0.66045,0.12118,0.7723,0.12003,0.3999,0.93816,7
0.14229,0.77083,0.5,0,0,0.043726,0.0010065,0.029814,0.00058896,0.093209,0.084279,0.069219,0.12705,0.74254,0.038824,0.82163,0.12003,0.43024,0.83956,7
0.71937,0.60833,0.5,0,0,0.022814,0.00042516,0.047205,0.00044768,0.1371,0.11994,0.12371,0.16758,0.67164,0.1,0.79507,0.15832,0.31419,0.91484,7
0.72727,0.30417,0.5,0,0,0.020913,0.00049475,0.01118,0.00033143,0.16215,0.13614,0.20766,0.13874,0.60261,0.38824,0.40038,0.20766,0.4041,0.14426,5
0.62846,0.4125,0.5,0,0,0.028517,0.00069699,0.0099379,0.00019632,0.2205,0.19854,0.26068,0.19875,0.61194,0.37647,0.40987,0.26068,0.30744,0.14386,5
0.84585,0.325,0.5,0.66667,0,0.064639,0.0016002,0.052174,0.0012447,0.12574,0.10535,0.16642,0.1021,0.65299,0.35647,0.40038,0.16642,0.43138,0.15812,5
0.96047,0.40417,0.5,0,0,0.22243,0.0051449,0.038509,0.00059709,0.16525,0.14587,0.20177,0.14497,0.64739,0.34588,0.42315,0.20177,0.36533,0.14938,5
0.63241,0.52917,0.5,0,0,0.0076046,0.00017357,0.0049689,0.00019632,0.0085205,0.0032415,0.021355,0,0.79478,0.19529,0.51613,0.021355,1,0.18383,5
0.80632,0.39583,0.5,0,0,0.026616,0.00045922,0.0086957,9.816e-05,0.12187,0.10292,0.15906,0.10055,0.66418,0.33882,0.41746,0.15906,0.4164,0.15554,5
0.89328,0.3875,0.5,0,0.5,0.01711,0.0005523,0.069565,0.0015182,0.13684,0.11831,0.17305,0.11613,0.66231,0.33765,0.42125,0.17305,0.38029,0.15377,5
0.81028,0.50833,0.5,0,0,0.0019011,0.00013722,0.0012422,9.8161e-05,0.002582,0,0.0073638,0,0.8153,0.15529,0.55977,0.0073638,1,0.15945,5
0.56126,0.325,0.5,0,0,0.091255,0.0022092,0.0074534,1.1469e-11,0.12548,0.10211,0.17084,0.099766,0.63246,0.37882,0.3852,0.17084,0.45909,0.15632,5
0.80237,0.5,0.5,0,0,0.0038023,0.00017357,0.0024845,0.00012416,0.0015492,0,0.0044183,0,0.82276,0.14588,0.56736,0.0044183,0.66667,0.15945,5
0.79447,0.5375,0.5,0,0,0.024715,0.00049475,0.0099379,0.00024833,0.0072295,0.0056726,0.012518,0.0031177,0.8209,0.15882,0.54839,0.012518,0.81481,0.20234,5
0.87352,0.5,0.5,0,0,0,0,0,1.1469e-11,0,0,0,0,0.83396,0.13176,0.57875,0,0,0.51105,5
0.99209,0.525,0.5,0,0,0.030418,0.00054888,0.013665,0.00051382,0.005164,0.0024311,0.011782,0.00077942,0.81343,0.16471,0.54649,0.011782,0.75,0.17402,5
0.96047,0.29583,0.5,0,0,0.020913,0.0010287,0.06087,0.0018275,0.10818,0.085089,0.14875,0.087295,0.63993,0.35176,0.42125,0.14875,0.4816,0.14665,5
0.66403,0.3875,0.5,0,0,0.053232,0.001787,0.12547,0.0016266,0.1291,0.11669,0.15464,0.1138,0.70709,0.28471,0.4611,0.15464,0.31471,0.15617,5
0.55731,0.41667,0.5,0,0,0.038023,0.00045922,0.012422,0.00024833,0.20036,0.17909,0.23785,0.18083,0.62313,0.35882,0.42694,0.23785,0.31548,0.14127,5
0.65217,0.51667,0.5,0,0,0.015209,0.00027444,0.0049689,0.00029119,0.0098115,0.0056726,0.022091,0.00077942,0.80224,0.19294,0.51233,0.022091,0.97222,0.19532,5
0.90119,0.3875,0.5,0,0,0.01711,0.0005523,0.063354,0.0014724,0.13788,0.11912,0.17305,0.11847,0.66045,0.33294,0.43074,0.17305,0.37553,0.15001,5
0.84585,0.30417,0.5,0,0,0.011407,0.00030063,0.0086957,0.0002364,0.11929,0.094814,0.16421,0.09509,0.62687,0.37529,0.39658,0.16421,0.475,0.15114,5
0.55731,0.36667,0.5,0,0,0.026616,0.00045922,0.038509,0.00096677,0.36174,0.37844,0.37113,0.33515,0.83396,0.26235,0.36812,0.37113,0.14661,0.24791,4
0.68379,0.26667,0.5,0,0,0.051331,0.00072868,0.053416,0.00078159,0.2866,0.29417,0.30265,0.26189,0.79478,0.27647,0.3852,0.30265,0.18173,0.22192,4
0.86957,0.24167,0.5,0,0,0.053232,0.00081411,0.016149,0.00061615,0.25768,0.26742,0.26657,0.2385,0.81903,0.23529,0.42694,0.26657,0.15409,0.23571,4
0.93281,0.525,0.5,0,0,0.30608,0.0087272,0.058385,0.0011218,0.25742,0.25446,0.28056,0.23539,0.73134,0.30353,0.40607,0.28056,0.21446,0.1852,4
0.50198,0.5375,0.5,0,0,0.26806,0.0070912,0.014907,0.00021506,0.19287,0.18152,0.22239,0.17225,0.69403,0.31882,0.41935,0.22239,0.26621,0.16625,4
0.79051,0.475,0.5,0.33333,0,0.058935,0.0013515,0.1913,0.0041302,0.30235,0.30389,0.32474,0.2767,0.74813,0.31059,0.37761,0.32474,0.19248,0.20206,4
0.69565,0.27083,0.5,0,0,0.047529,0.0013681,0.3354,0.0082819,0.20785,0.20908,0.22165,0.19174,0.77612,0.24706,0.45161,0.22165,0.20066,0.19148,4
0.1581,0.26667,0.5,0,0.5,0.52662,0.019296,0.59503,0.022876,0.38342,0.34603,0.43373,0.36555,0.45336,0.46353,0.43074,0.43373,0.2978,0.1154,3
0.39921,0.079167,0.5,0,0,0.032319,0.00088716,0.013665,0.00055701,0.87426,0.83955,0.93446,0.84256,0.3153,0.62706,0.3074,0.93446,0.18357,0.12561,2
0.14625,0.25,0.5,0,0,0.024715,0.00049475,0.019876,0.00051942,0.85179,0.8128,0.91679,0.81917,0.29291,0.64471,0.30171,0.91679,0.19432,0.12473,2
0.52569,0.17917,0.5,0,0,0.020913,0.00065233,0.027329,0.000724,0.86703,0.82172,0.93667,0.83554,0.2444,0.67059,0.3093,0.93667,0.20271,0.12012,2
0.14229,0.058333,0.5,0,0,0.045627,0.0007364,0.02236,0.00054829,0.87865,0.83387,0.94256,0.85269,0.2444,0.64588,0.34915,0.94256,0.19609,0.11399,2
0.89723,0.0375,0.5,0,0,0.036122,0.00049475,0.018634,0.000543,0.87142,0.83144,0.93152,0.84489,0.27985,0.62588,0.34535,0.93152,0.18889,0.11687,2
0.5415,0.041667,0.5,0,0,0.022814,0.00076646,0.02236,0.00037249,0.88743,0.84765,0.94845,0.8597,0.27612,0.63412,0.33586,0.94845,0.18785,0.11832,2
0.32411,0.175,0.5,0,0,0.019011,0.00045922,0.016149,0.00035392,0.86057,0.81929,0.91605,0.84022,0.27425,0.60118,0.39089,0.91605,0.18722,0.10927,2
0.68379,0.2,0.5,0,0,0.028517,0.00035252,0.029814,0.00058897,0.85076,0.80632,0.91973,0.81917,0.2556,0.66353,0.3093,0.91973,0.20333,0.12104,2
0.50198,0.016667,0.5,0,0,0.026616,0.00027444,0.012422,0.00044768,0.90111,0.86305,0.95434,0.87997,0.28358,0.6,0.3833,0.95434,0.17818,0.11109,2
0.41107,0.225,0.5,0,0,0.032319,0.00061673,0.03354,0.00088344,0.85747,0.81442,0.92784,0.82307,0.26306,0.67176,0.28843,0.92784,0.20237,0.12426,2
0.93676,0.2,0.5,0,0,0.028517,0.0004633,0.023602,0.0004908,0.84844,0.7966,0.92121,0.81995,0.20522,0.68118,0.33207,0.92121,0.2142,0.11415,2
0.41897,0.041667,0.5,0,0,0.022814,0.00052071,0.026087,0.00029448,0.88381,0.84441,0.94035,0.86048,0.27985,0.61176,0.36812,0.94035,0.18402,0.11312,2
0.73123,0.070833,0.5,0,0,0.032319,0.00039294,0.032298,0.0009333,0.85412,0.80956,0.919,0.82697,0.25373,0.64471,0.34156,0.919,0.19951,0.11587,2
0.28458,0.033333,0.5,0,0,0.032319,0.00039294,0.021118,0.0004908,0.88897,0.85008,0.94845,0.86204,0.28172,0.62706,0.34156,0.94845,0.18554,0.11751,2
0.26482,0.67083,0.5,0,0,0.036122,0.0010717,0.052174,0.001226,0.20991,0.17909,0.19956,0.25019,0.5541,0.13176,0.86338,0.23638,0.31229,0.95053,7
0.43874,0.79167,0.5,0,0,0.096958,0.0013061,0.069565,0.0012874,0.14846,0.12156,0.13476,0.18862,0.60075,0.10118,0.86528,0.1782,0.38191,0.92537,7
0.99209,0.7625,0.5,0,0,0.074144,0.00078826,0.045963,0.0014619,0.12936,0.1094,0.10162,0.17771,0.65485,0.029412,0.926,0.16789,0.42249,0.86805,7
0.4664,0.70833,0.5,0.33333,0,0.026616,0.00075657,0.073292,0.0011623,0.14924,0.12075,0.13034,0.19641,0.58955,0.076471,0.91651,0.18557,0.40955,0.91041,7
0.24506,0.6125,0.5,0.33333,0,0.034221,0.0010629,0.042236,0.0009333,0.15466,0.11994,0.14728,0.19564,0.54478,0.13294,0.87097,0.18483,0.41181,0.95169,7
0.92095,0.625,0.5,0,0,0.030418,0.00050604,0.036025,0.0010135,0.13271,0.11021,0.11267,0.17537,0.63619,0.067059,0.88425,0.16568,0.3956,0.89596,7
0.20158,0.6625,0.5,0,0,0.019011,0.00045922,0.021118,0.00028109,0.17738,0.14668,0.16789,0.21668,0.5653,0.12824,0.85769,0.20471,0.34911,0.94821,7
0.83399,0.93333,0.5,0,0,0.04943,0.0014677,0.043478,0.0016337,0.18048,0.15397,0.15906,0.22837,0.59328,0.071765,0.9203,0.21576,0.35188,0.90658,7
0.4664,0.65833,0.5,0,0,0.039924,0.0009914,0.02236,0.00066286,0.181,0.15235,0.16568,0.22447,0.57836,0.10118,0.88805,0.21208,0.34778,0.92724,7
0.43478,0.97917,0.5,0,0,0.10837,0.0021125,0.13043,0.0029673,0.18048,0.15397,0.14875,0.23928,0.59328,0.022353,1,0.22607,0.38897,0.88274,7
0.81423,0.85,0.5,0,0,0.11027,0.0020574,0.055901,0.0011656,0.16602,0.13209,0.15022,0.21512,0.54664,0.095294,0.92979,0.20324,0.40984,0.92601,7
0.35178,0.94167,0.5,0,0,0.08365,0.0013389,0.06087,0.001932,0.15492,0.12804,0.13034,0.20655,0.59888,0.050588,0.94877,0.19514,0.41375,0.89387,7
0.95257,0.6375,0.5,0.33333,0,0.013308,0.00053849,0.07205,0.00075526,0.13814,0.11021,0.12445,0.17927,0.59701,0.098824,0.87287,0.16937,0.40953,0.92401,7
0.56522,0.73333,0.5,0,0,0.06654,0.0020656,0.13913,0.002534,0.39143,0.36386,0.46171,0.34295,0.51866,0.56118,0.20683,0.46171,0.29995,0.16793,6
0.27668,0.775,0.5,0,0,0.093156,0.0018704,0.10186,0.0015483,0.38652,0.35818,0.46097,0.33437,0.51493,0.58,0.18027,0.46097,0.31474,0.17121,6
0.67984,0.72917,0.5,0,0.5,0.11027,0.0021329,0.12298,0.0025298,0.37258,0.3517,0.43667,0.32424,0.5709,0.52706,0.20873,0.43667,0.2983,0.17727,6
0.2332,0.77083,0.5,0,0,0.04943,0.0010558,0.099379,0.00144,0.35657,0.33063,0.41973,0.31411,0.54104,0.51882,0.25237,0.41973,0.29769,0.16535,6
0.56917,0.725,0.5,0.33333,0,0.095057,0.0022763,0.049689,0.0014075,0.3922,0.36386,0.46318,0.34373,0.51306,0.56471,0.20683,0.46318,0.30228,0.16672,6
0.5336,0.75833,0.5,0,0,0.081749,0.0014638,0.057143,0.0010163,0.42319,0.39708,0.49632,0.37023,0.51866,0.58235,0.17268,0.49632,0.2953,0.17224,6
0.090909,0.80833,0.5,0,0,0.076046,0.0016002,0.053416,0.0017956,0.39091,0.36305,0.46244,0.34139,0.51679,0.56706,0.19924,0.46244,0.30391,0.16887,6
0.094862,0.77917,0.5,0,0,0.096958,0.001357,0.091925,0.0024124,0.33953,0.31199,0.40427,0.29696,0.53545,0.52235,0.25237,0.40427,0.30964,0.16342,6
0.61265,0.7375,0.5,0,0,0.14639,0.0023327,0.1118,0.0027032,0.42706,0.40194,0.50147,0.37178,0.52425,0.58941,0.1556,0.50147,0.30024,0.17567,6
0.4664,0.75,0.5,0,0,0.10646,0.0029736,0.11677,0.002474,0.41544,0.38169,0.49853,0.35931,0.46828,0.62824,0.14991,0.49853,0.31901,0.1674,6
0.18577,0.79583,0.5,0,0.5,0.11597,0.0016386,0.10807,0.0029517,0.40434,0.37925,0.47054,0.35776,0.53172,0.54471,0.22011,0.47054,0.28452,0.16758,6
0.98024,0.69583,0.5,0,0,0.077947,0.0017838,0.11677,0.0035588,0.33437,0.31118,0.39028,0.29696,0.56716,0.47882,0.29032,0.39028,0.28986,0.15808,6
0.99209,0.6875,0.5,0,0.5,0.064639,0.0011579,0.11304,0.0020595,0.36896,0.33793,0.44404,0.31878,0.50187,0.57882,0.19545,0.44404,0.32042,0.16663,6
0.36364,0.74583,0.5,0,0,0.18821,0.0018379,0.058385,0.0023332,0.37361,0.34522,0.4433,0.32658,0.51866,0.55412,0.21822,0.4433,0.3036,0.16647,6
0.23715,0.79583,0.5,0,0,0.077947,0.0018944,0.042236,0.000724,0.42964,0.40113,0.50368,0.37802,0.5,0.58824,0.18216,0.50368,0.29353,0.16799,6
0.023715,0.8,0.5,0.33333,0.5,0.13308,0.0028809,0.12174,0.0019808,0.37645,0.34765,0.44845,0.32736,0.51493,0.56588,0.20304,0.44845,0.3149,0.16858,6
0.16206,0.79167,0.5,0,0,0.072243,0.0020353,0.096894,0.0034072,0.41363,0.38331,0.49043,0.36087,0.49254,0.59765,0.17457,0.49043,0.30661,0.16816,6
0.28458,0.79167,0.5,0,0.5,0.024715,0.00065233,0.099379,0.0017712,0.40924,0.38574,0.47865,0.35776,0.54104,0.56118,0.18406,0.47865,0.29419,0.17568,6
0.66008,0.73333,0.5,0,0,0.11977,0.0021861,0.063354,0.0011556,0.40434,0.38331,0.47349,0.35074,0.5597,0.55882,0.16888,0.47349,0.29965,0.18089,6
0.41107,0.75833,0.5,0,0,0.11027,0.0019211,0.064596,0.0015706,0.41906,0.38736,0.49779,0.36555,0.48134,0.60824,0.16888,0.49779,0.30847,0.16728,6
0.36364,0.76667,0.5,0,0,0.062738,0.0012165,0.090683,0.0015314,0.42938,0.3987,0.5081,0.3749,0.48507,0.61059,0.16129,0.5081,0.30559,0.16906,6
0.98814,0.675,0.5,0.33333,0,0.074145,0.0018502,0.053416,0.00089213,0.39582,0.36386,0.47423,0.34295,0.48694,0.60118,0.17457,0.47423,0.31837,0.1672,6
0.33992,0.77083,0.5,0.33333,0,0.045627,0.00087649,0.049689,0.0012038,0.42938,0.40113,0.50147,0.37958,0.50187,0.57882,0.19545,0.50147,0.28753,0.16711,6
0.37549,0.75833,0.5,0,0,0.045627,0.0011249,0.040994,0.0013322,0.43713,0.39951,0.52209,0.3827,0.4347,0.64235,0.16129,0.52209,0.31029,0.16104,6
0.86166,0.6875,0.5,0,0.5,0.072243,0.0018734,0.11429,0.0020497,0.42035,0.38898,0.50147,0.36399,0.48321,0.62,0.14801,0.50147,0.31446,0.17015,6
0.75099,0.70417,0.5,0.33333,0,0.12167,0.0011962,0.049689,0.00079987,0.4188,0.38817,0.5,0.36165,0.48881,0.62,0.14232,0.5,0.31801,0.17158,6
0.54545,0.73333,0.5,0,0,0.070342,0.0011332,0.040994,0.00077167,0.42138,0.39141,0.49558,0.37101,0.49254,0.58706,0.19165,0.49558,0.29269,0.16552,6
0.84585,0.7125,0.5,0,0,0.087452,0.001483,0.06087,0.0014299,0.37774,0.35413,0.44551,0.32814,0.55037,0.54588,0.19924,0.44551,0.30405,0.17461,6
0.094862,0.82083,0.5,0,0,0.19582,0.004882,0.14161,0.0025627,0.38781,0.3517,0.46613,0.33905,0.46082,0.59882,0.20493,0.46613,0.3206,0.15942,6
0.88538,0.70833,0.5,0,0,0.039924,0.00087002,0.040994,0.00095876,0.38575,0.35737,0.45582,0.33827,0.51493,0.55882,0.21442,0.45582,0.30001,0.16637,6
0.26087,0.7625,0.5,0,0,0.12738,0.0015094,0.1441,0.0028598,0.41002,0.37763,0.48085,0.36555,0.47948,0.56824,0.23529,0.48085,0.28679,0.15634,6
0.33597,0.75833,0.5,0,0,0.11217,0.001666,0.049689,0.0013052,0.42809,0.39141,0.50736,0.3788,0.44403,0.61294,0.19924,0.50736,0.29958,0.15693,6
0.73518,0.70417,0.5,0,0,0.13878,0.0030095,0.074534,0.0023062,0.43274,0.40032,0.51399,0.37724,0.47201,0.62353,0.1537,0.51399,0.30691,0.16788,6
0.011858,0.79167,0.5,0,1,0.093156,0.0016929,0.11677,0.0022538,0.37439,0.3436,0.44551,0.32814,0.50187,0.56118,0.22391,0.44551,0.30886,0.16267,6
0.60079,0.75417,0.5,0,0,0.11597,0.0017965,0.16646,0.0029825,0.37258,0.34522,0.43078,0.33671,0.52612,0.49882,0.29981,0.43078,0.27272,0.14773,6
0.17391,0.80833,0.5,0,0,0.06654,0.0022134,0.074534,0.0018248,0.35037,0.32739,0.40943,0.30943,0.56343,0.49765,0.26376,0.40943,0.28757,0.1678,6
0.12648,0.32917,0.5,0.33333,0,0.01711,0.00041166,0.040994,0.00039509,0.11619,0.08671,0.17084,0.086516,0.59328,0.42118,0.35674,0.17084,0.53912,0.15415,5
0.13043,0.34167,0.5,0,0,0.019011,0.00027444,0.0086956,0.00028109,0.10328,0.076175,0.15538,0.074045,0.61381,0.40588,0.36053,0.15538,0.55918,0.15805,5
0.23715,0.3375,0.5,0,0,0.043726,0.0010717,0.012422,0.00044768,0.12032,0.094003,0.17084,0.091972,0.61381,0.40235,0.36622,0.17084,0.49969,0.15652,5
0.22925,0.4375,0.5,0,0,0.10266,0.0028362,0.017391,0.00032851,0.15311,0.13047,0.19588,0.12938,0.62873,0.37294,0.39848,0.19588,0.39566,0.15099,5
0.14625,0.5125,0.5,0,0,0.0057034,0.0001841,0.0074534,0.00015207,0.0072295,0,0.020619,0,0.78172,0.19765,0.52562,0.020619,1,0.15945,5
0.027668,0.34167,0.5,0,0,0.028517,0.0004633,0.023602,0.00067009,0.13865,0.11021,0.19146,0.1099,0.59328,0.41765,0.36243,0.19146,0.48025,0.15243,5
0.53755,0.3375,0.5,0,0,0.25285,0.0074415,0.017391,0.00024833,0.069455,0.051864,0.10309,0.050663,0.6903,0.30941,0.43833,0.10309,0.60844,0.15906,5
0.22134,0.44583,0.5,0,0,0.096958,0.0055459,0.027329,0.00063049,0.1353,0.11345,0.17599,0.11302,0.63993,0.35882,0.40987,0.17599,0.41871,0.15059,5
0.44269,0.42917,0.5,0,0,0.032319,0.00051165,0.0074534,6.4118e-05,0.17996,0.15316,0.22975,0.15277,0.59142,0.41294,0.37192,0.22975,0.39393,0.14965,5
0.2253,0.5375,0.5,0,0,0.0019011,1.8673e-05,0.0049689,2.1373e-05,0.0018074,0,0.0051546,0,0.8209,0.14824,0.56546,0.0051546,0.77778,0.15945,5
0.48221,0.34583,0.5,0,0,0.01711,7.8427e-05,0.018634,2.4044e-05,0.1495,0.12318,0.20177,0.11925,0.60448,0.41765,0.35104,0.20177,0.45218,0.15835,5
0.37549,0.34583,0.5,0,0,0.024715,0.00028757,0.0099379,0.0003099,0.14098,0.11669,0.19072,0.11146,0.62127,0.40353,0.35674,0.19072,0.45155,0.16104,5
0.87352,0.34167,0.5,0,0,0.058935,6.3488e-05,0.0037267,2.4044e-05,0.017041,0.0072934,0.036082,0.0062354,0.76119,0.22706,0.49905,0.036082,0.8784,0.16269,5
0.78261,0.4375,0.5,0,0,0.019011,0.00029877,0.0099379,2.1373e-05,0.013684,0.0048622,0.032401,0.0023383,0.76866,0.22471,0.49526,0.032401,0.94074,0.17212,5
0.3083,0.3875,0.5,0.33333,0,0.032319,0.0003772,0.03354,0.00072935,0.4552,0.43598,0.51694,0.40764,0.55597,0.53529,0.21063,0.51694,0.2547,0.17398,4
0.74704,0.39167,0.5,0,0,0.064639,0.0023155,0.048447,0.0012102,0.31887,0.30065,0.37334,0.27825,0.60634,0.46824,0.26755,0.37334,0.29599,0.17595,4
0.47431,0.4,0.5,0,0,0.053232,0.00088137,0.29441,0.0040314,0.37645,0.36062,0.4271,0.33749,0.60448,0.46353,0.27704,0.4271,0.25267,0.17469,4
0.71937,0.39167,0.5,0,0,0.072243,0.0011503,0.017391,0.0004702,0.45701,0.4376,0.52209,0.40608,0.5541,0.55176,0.18596,0.52209,0.26499,0.17706,4
0.21739,0.4,0.5,0,0,0.038023,0.00020914,0.10559,0.014568,0.34728,0.33712,0.3866,0.31489,0.65299,0.40235,0.32638,0.3866,0.23045,0.17673,4
0.81028,0.39167,0.5,0,0,0.0095057,6.3489e-05,0.013665,0.00010954,0.34986,0.33306,0.40353,0.30865,0.60634,0.47176,0.26186,0.40353,0.27711,0.17664,4
0.56522,0.53333,0.5,0,0,0.18821,0.0039774,0.031056,0.00043012,0.45081,0.4222,0.52209,0.40218,0.49254,0.58,0.20304,0.52209,0.27569,0.1643,4
0.14625,0.38333,0.5,0,0,0.030418,0.0010606,0.043478,0.0010072,0.40563,0.38898,0.46097,0.36243,0.58955,0.49294,0.24478,0.46097,0.25701,0.1757,4
0.52964,0.3875,0.5,0,0,0.032319,0.00010831,0.04472,0.00051295,0.44358,0.42464,0.50736,0.39361,0.56157,0.54235,0.19355,0.50736,0.26722,0.17755,4
0.31225,0.3,0.5,0.33333,0,0.057034,0.0017926,0.03354,0.00040875,0.34469,0.33306,0.38881,0.30865,0.64366,0.42471,0.29981,0.38881,0.24968,0.17972,4
0.86166,0.2875,0.5,0,0,0.043726,0.00033238,0.014907,0.00067324,0.27679,0.26499,0.31959,0.2424,0.66418,0.40235,0.31499,0.31959,0.28296,0.18157,4
0.64032,0.2375,0.5,0,0,0.062738,0.0022296,0.034783,0.00069461,0.39582,0.37925,0.45214,0.35152,0.59328,0.49529,0.23719,0.45214,0.26505,0.17793,4
0.96443,0.27917,0.5,0.33333,0,0.064639,0.0010158,0.090683,0.0040849,0.21043,0.18314,0.2673,0.17615,0.57836,0.45412,0.31879,0.2673,0.39203,0.1641,4
0.14229,0.27917,0.5,0,0,0.034221,0.00017926,0.057143,0.0020732,0.30545,0.29984,0.34389,0.26968,0.69776,0.38824,0.30361,0.34389,0.25892,0.19442,4
0.14229,0.47083,0.5,0,0.5,0.051331,0.0010196,0.054658,0.0013037,0.37878,0.36062,0.43225,0.33905,0.58769,0.47765,0.27135,0.43225,0.25854,0.17025,4
0.57312,0.475,0.5,0.33333,0,0.03422,0.00044816,0.048447,0.0014026,0.48335,0.4611,0.55081,0.43258,0.52612,0.56941,0.18596,0.55081,0.2576,0.17201,4
0.74308,0.47083,0.5,0,0,0.043726,0.0009598,0.028571,0.00097513,0.26904,0.26175,0.30633,0.23617,0.69776,0.37412,0.32638,0.30633,0.27147,0.19082,4
0.72727,0.37917,0.5,0,0,0.37833,0.074323,0.0099379,0.00014961,0.39582,0.37277,0.45803,0.35152,0.54851,0.52353,0.23719,0.45803,0.27435,0.16958,4
0.72727,0.4125,0.5,0,0,0.63118,0.37823,0.028571,0.00043013,0.35321,0.3363,0.40059,0.31878,0.60448,0.44235,0.3112,0.40059,0.24925,0.16984,4
0.55731,0.37083,0.5,0,0,0.022814,0.00026889,0.031056,0.00065454,0.15492,0.15883,0.18851,0.11535,0.81157,0.32941,0.28273,0.18851,0.42199,0.23854,1
0.32016,0.40833,0.5,0.33333,0,0.024715,0.00024275,0.029814,0.00057706,0.12393,0.14019,0.13918,0.091972,0.90672,0.23412,0.33966,0.13918,0.37602,0.29675,1
0.13439,0.2125,0.5,0,0,0.026616,0.00052285,0.027329,0.00075873,0.14795,0.15154,0.18041,0.1099,0.81157,0.32235,0.29412,0.18041,0.42312,0.23902,1
0.086957,0.30833,0.5,0,0,0.04943,0.0010606,0.039752,0.00069461,0.12523,0.13776,0.14507,0.091972,0.8806,0.25647,0.33017,0.14507,0.39975,0.27823,1
0,0.43333,0.5,0.33333,0,0.062738,0.0024088,0.049689,0.0035799,0.11541,0.11426,0.14433,0.085737,0.78918,0.29765,0.35674,0.14507,0.42554,0.25118,1
0.53755,0.22917,0.5,0,0,0.089354,0.0030661,0.065839,0.0028025,0.19804,0.18476,0.25331,0.15199,0.6791,0.44353,0.2334,0.25331,0.43056,0.20132,1
0.49802,0.44583,0.5,0.66667,0,0.058935,0.0015424,0.077019,0.00685,0.15853,0.15721,0.19219,0.12393,0.77425,0.33059,0.31879,0.19219,0.3904,0.22442,1
0.051383,0.4125,0.5,0,0,0.058935,0.0053965,0.059627,0.00073736,0.12497,0.13776,0.14212,0.09431,0.88246,0.24353,0.34915,0.14212,0.36885,0.28524,1
0.32411,0.42917,0.5,0,0,0.047529,0.0011391,0.043478,0.00043013,0.13839,0.14587,0.16348,0.10444,0.84142,0.28471,0.32448,0.16348,0.39496,0.25778,1
0.37154,0.40833,0.5,0,0,0.034221,0.00049297,0.043478,0.001969,0.12032,0.14019,0.13255,0.088075,0.93284,0.21882,0.33776,0.13549,0.385,0.32115,1
0.37549,0.30417,0.5,0,0,0.051331,0.0012884,0.036025,0.0016484,0.16628,0.1718,0.19882,0.12627,0.81903,0.32706,0.27894,0.19882,0.39879,0.24264,1
0.57312,0.25417,0.5,0,0,0.032319,0.00051164,0.037267,0.00041677,0.1828,0.17342,0.2349,0.1364,0.71082,0.42471,0.2315,0.2349,0.45093,0.20755,1
0.33202,0.1875,0.5,0,0,0.045627,0.00040334,0.028571,0.0013278,0.18435,0.17018,0.23859,0.1403,0.67724,0.43529,0.24858,0.23859,0.44279,0.19826,1
0.51383,0.3125,0.5,0,0,0.047529,0.0012287,0.037267,0.0018594,0.16938,0.1718,0.20766,0.12627,0.79664,0.35529,0.25617,0.20766,0.4246,0.23391,1
0.55336,0.325,0.5,0,0,0.043726,0.0014976,0.037267,0.0026609,0.16654,0.16856,0.20177,0.12705,0.79478,0.34,0.28273,0.20177,0.40502,0.2317,1
0.01581,0.375,0.5,0,0,0.079848,0.0023304,0.039752,0.00043814,0.118,0.13371,0.13181,0.088075,0.90485,0.22588,0.35484,0.13402,0.37685,0.30773,1
0.090909,0.19583,0.5,0,0,0.030418,0.00016432,0.031056,0.0016484,0.14588,0.14587,0.18115,0.10834,0.78731,0.33529,0.29791,0.18115,0.43474,0.22817,1
0.39526,0.25417,0.5,0,0,0.085551,0.0047841,0.039752,0.0045417,0.18461,0.1718,0.23711,0.14108,0.68657,0.42706,0.25237,0.23711,0.4369,0.20112,1
0.098814,0.23333,0.5,0.33333,0,0.034221,0.00089631,0.054658,0.0022976,0.13943,0.14263,0.17158,0.1021,0.81157,0.31882,0.29981,0.17158,0.43694,0.23855,1
0.3083,0.35,0.5,0,0,0.057034,0.0037645,0.055901,0.0051856,0.14717,0.15397,0.17378,0.11224,0.83396,0.29412,0.31689,0.17378,0.38836,0.24991,1
0.47036,0.40417,0.5,0.33333,0,0.020913,0.00064609,0.021118,0.00010954,0.15285,0.15316,0.18704,0.11613,0.78731,0.33176,0.30361,0.18704,0.41213,0.22842,1
0.5336,0.275,0.5,0.66667,0,0.064639,0.0015088,0.068323,0.0040528,0.1841,0.17909,0.22828,0.14186,0.74067,0.38706,0.26186,0.22828,0.41322,0.2141,1
0.26877,0.29167,0.5,0,0,0.062738,0.0022296,0.040994,0.00072934,0.13839,0.1483,0.16348,0.1021,0.85821,0.28471,0.3074,0.16348,0.41031,0.26387,1
0.26087,0.22083,0.5,0,0,0.072243,0.0021362,0.053416,0.0024819,0.15673,0.16045,0.19146,0.11613,0.8097,0.33529,0.27514,0.19146,0.42692,0.23814,1
0.35178,0.375,0.5,0.33333,0,0.030418,0.0003884,0.038509,0.0013598,0.13994,0.1483,0.16568,0.10444,0.84701,0.28824,0.31309,0.16568,0.40404,0.25586,1
0.49012,0.1875,0.5,0,0,0.091255,0.0036749,0.06087,0.0011354,0.19959,0.19044,0.24963,0.15511,0.70709,0.41882,0.24478,0.24963,0.41394,0.20553,1
0.26877,0.26667,0.5,0.33333,0,0.072243,0.0014192,0.03354,0.0015949,0.15853,0.16045,0.1944,0.11847,0.79664,0.34118,0.27894,0.1944,0.4235,0.23542,1
0.35573,0.43333,0.5,0.33333,0,0.058935,0.0014528,0.086957,0.0020411,0.13891,0.14992,0.15979,0.106,0.86567,0.26471,0.33207,0.15979,0.37532,0.26915,1
0.10277,0.2375,0.5,0,0,0.047529,0.0014976,0.039752,0.0036761,0.15053,0.14911,0.18851,0.11146,0.77612,0.34941,0.28653,0.18851,0.44035,0.22561,1
0.11067,0.37083,0.5,0,0,0.076046,0.0013743,0.059627,0.0026288,0.14382,0.15235,0.16937,0.10834,0.84701,0.28824,0.31309,0.16937,0.39433,0.25593,1
0.37549,0.3375,0.5,0.33333,0,0.11407,0.0030026,0.039752,0.0004702,0.15957,0.15883,0.19735,0.12003,0.77799,0.35059,0.28273,0.19735,0.42222,0.22857,1
0.16206,0.2,0.5,0,0,0.062738,0.0035292,0.045963,0.00062248,0.15208,0.15154,0.19072,0.11146,0.78172,0.35294,0.27514,0.19072,0.44514,0.22888,1
0.0039526,0.21667,0.5,0,0,0.041825,0.00056766,0.03354,0.00050493,0.126,0.12561,0.15685,0.093531,0.79104,0.30941,0.33586,0.15685,0.43502,0.22837,1
0.31225,0.35,0.5,0,0,0.041825,0.0010158,0.021118,0.00039807,0.14924,0.15559,0.17673,0.1138,0.83022,0.29882,0.31309,0.17673,0.39044,0.24793,1
0.48221,0.3875,0.5,0,0,0.077947,0.002125,0.089441,0.0014427,0.15285,0.14992,0.18999,0.11613,0.76493,0.34588,0.30361,0.18999,0.4214,0.22083,1
0.11462,0.1875,0.5,0,0,0.053232,0.00043322,0.03354,0.0009217,0.16525,0.16126,0.20766,0.12393,0.75373,0.37412,0.26945,0.20766,0.43596,0.21746,1
0.34783,0.2375,0.5,0,0,0.13878,0.0030661,0.053416,0.00087895,0.12342,0.12885,0.15243,0.087295,0.83209,0.3,0.3093,0.15243,0.462,0.2485,1
0.29644,0.22083,0.5,0,0,0.076046,0.0055422,0.064596,0.0031311,0.16473,0.15883,0.20692,0.12549,0.74067,0.37294,0.28463,0.20692,0.42482,0.21614,1
0.094862,0.4375,0.5,0,0,0.032319,0.00015312,0.10683,0.0022335,0.11283,0.12399,0.13255,0.08106,0.875,0.25294,0.34156,0.14065,0.44719,0.31584,1
0.019763,0.16667,0.5,0,0,0.057034,0.0020167,0.036025,0.0015201,0.13659,0.13695,0.1701,0.10055,0.79291,0.32471,0.3093,0.1701,0.44286,0.2288,1
0.11067,0.29167,0.5,0.33333,0,0.089354,0.0037832,0.06087,0.0027063,0.14278,0.14668,0.17305,0.10678,0.8153,0.31059,0.3093,0.17305,0.41266,0.2481,1
0.0039526,0.325,0.5,0,0,0.041825,0.0017777,0.057143,0.002522,0.1322,0.13695,0.15832,0.099766,0.82463,0.28824,0.33586,0.15832,0.40251,0.25181,1
0.26877,0.2,0.5,0,0,0.043726,0.0009598,0.045963,0.0010713,0.16628,0.16532,0.20471,0.12627,0.77425,0.35529,0.27894,0.20471,0.4153,0.22577,1
0.13439,0.12917,0.5,0.33333,0,0.036122,0.00015312,0.031056,0.00036601,0.1575,0.14587,0.20619,0.11691,0.70336,0.40235,0.27514,0.20619,0.46275,0.20174,1
0.043478,0.1875,0.5,0.66667,0,0.041825,0.00020914,0.029814,0.00073736,0.13839,0.14182,0.16863,0.10288,0.81343,0.30941,0.31309,0.16863,0.42269,0.23872,1
0.26087,0.44583,0.5,0,0,0.038023,0.0003884,0.050932,0.003091,0.14717,0.14749,0.18115,0.11068,0.78918,0.32941,0.3055,0.18115,0.41688,0.23896,1
0.86561,0.45417,0.5,0,0,0.013308,6.3489e-05,0.0086957,4.5417e-05,0.0069713,0,0.019882,0,0.78358,0.19529,0.52751,0.019882,1,0.15945,3
0.86957,0.4,0.5,0,0,0.039924,0.00021287,0.018634,0.00024846,0.015492,0.0024311,0.035346,0.0070148,0.73881,0.23059,0.51613,0.035346,0.94709,0.1373,3
0.90909,0.47083,0.5,0,0,0.11787,0.015088,0.040994,0.0046406,0.020914,0.010535,0.039028,0.011691,0.7556,0.22353,0.51044,0.039028,0.89537,0.15533,3
0.80237,0.4375,0.5,0,0,0.036122,0.0012735,0.023602,0.0010392,0.015234,0.0024311,0.033873,0.0077942,0.74067,0.22471,0.52372,0.033873,0.96142,0.13348,3
0.94862,0.525,0.5,0,0.5,0.14639,0.018841,0.085714,0.02705,0.034857,0.018639,0.059647,0.024162,0.71082,0.25882,0.49905,0.059647,0.83748,0.14273,3
0.77075,0.34167,0.5,0,0,0.060837,0.0025844,0.03354,0.00066523,0.034857,0.014587,0.061856,0.025721,0.68284,0.26941,0.51044,0.061856,0.80862,0.11999,3
0.93281,0.39583,0.5,0,0,0.032319,0.00015312,0.018634,0.00034464,0.016783,0.0032415,0.040501,0.0046765,0.73507,0.24941,0.48956,0.040501,0.94048,0.15295,3
0.81028,0.2875,0.5,0,0,0.1673,0.014953,0.085714,0.026056,0.069972,0.047812,0.10015,0.059236,0.65858,0.29294,0.49715,0.10015,0.59777,0.12052,3
0.85375,0.25833,0.5,0,0,0.030418,0.00079174,0.038509,0.00062248,0.033824,0.012966,0.064065,0.021824,0.6791,0.28471,0.48956,0.064065,0.82251,0.13027,3
0.76285,0.47083,0.5,0,0,0.051331,0.00043695,0.031056,0.00065454,0.019623,0.0072934,0.036819,0.01325,0.74254,0.21882,0.53131,0.036819,0.83677,0.12752,3
0.88933,0.24167,0.5,0,0.5,0.65399,1,0.45714,0.74985,0.16602,0.14019,0.1944,0.16056,0.60261,0.30706,0.53131,0.1944,0.50899,0.093206,3
0.90514,0.47083,0.5,0,0,0.0095057,0.0001083,0.0062112,0.00010954,0.0046476,0,0.013255,0,0.80037,0.17412,0.54459,0.013255,1,0.15945,3
0.94466,0.28333,0.5,0,0,0.55703,0.041204,0.31677,0.11204,0.22851,0.17747,0.30339,0.19797,0.40858,0.54471,0.34535,0.30339,0.48906,0.12723,3
0.89723,0.33333,0.5,0,0,0.024715,0.00019794,0.024845,0.00027785,0.018332,0.0032415,0.041237,0.0085737,0.72388,0.24588,0.50664,0.041237,0.93981,0.1374,3
0.71146,0.066667,0.5,0,0,0.024715,0.00046683,0.01118,0.00018434,0.96256,0.96677,0.97128,0.94778,0.55597,0.40118,0.42694,0.97128,0.096263,0.13089,2
0.74308,0.4,0.5,0,0,0.034221,0.0012997,0.023602,0.00030189,0.93184,0.91734,0.96244,0.91193,0.43657,0.49882,0.39089,0.96244,0.13383,0.12201,2
0.95652,0.15417,0.5,0,0,0.041825,0.00020914,0.028572,0.00091102,0.9401,0.93031,0.96834,0.91816,0.46642,0.48941,0.37571,0.96834,0.12697,0.12855,2
0.61265,0.0875,0.5,0,0,0.026616,0.00016433,0.058385,0.00075071,0.95017,0.94652,0.96981,0.93141,0.5056,0.45059,0.39848,0.96981,0.11306,0.12816,2
0.96443,0.029167,0.5,0,0,0.034221,0.0010308,0.026087,0.00015228,0.96127,0.95867,0.98012,0.94232,0.50933,0.44941,0.39658,0.98012,0.11122,0.12911,2
0.75099,0.15,0.5,0,0,0.015209,0.0003884,0.024845,0.00027785,0.94629,0.94084,0.96981,0.92518,0.4944,0.46824,0.3814,0.96981,0.1184,0.13122,2
0.56917,0.095833,0.5,0.33333,0,0.019011,0.00034359,0.042236,0.00082285,0.95533,0.95867,0.97202,0.93297,0.55224,0.43765,0.37192,0.97202,0.10454,0.14172,2
0.75889,0.1,0.5,0,0,0.0095057,0.00028756,0.016149,0.00020571,0.95146,0.95705,0.96907,0.92595,0.56903,0.44118,0.34915,0.96907,0.10334,0.15064,2
0.70356,0.375,0.5,0,0,0.015209,0.0003884,0.013665,0.00023777,0.94061,0.9222,0.9757,0.91972,0.40672,0.52235,0.3833,0.9757,0.14111,0.12011,2
0.28063,0.083333,0.5,0,0,0.038023,0.0015088,0.029814,0.00051294,0.94759,0.94733,0.96465,0.92829,0.52985,0.43765,0.39469,0.96465,0.10762,0.13248,2
0.24506,0.0083333,0.5,0,0,0.039924,0.0010196,0.021118,0.00049425,0.98864,1,0.98675,0.97818,0.59701,0.35647,0.45731,0.98675,0.079806,0.12883,2
0.97628,0.175,0.5,0,0,0.024715,0.00028757,0.018634,0.00050494,0.93958,0.93517,0.96613,0.91426,0.50373,0.48118,0.35104,0.96613,0.12112,0.13878,2
0.96443,0.99167,0.5,0,0,0.068441,0.0012997,0.03354,0.00044081,0.10276,0.078606,0.10162,0.12705,0.63433,0.15059,0.75142,0.12003,0.40621,0.97164,7
0.55731,0.82083,0.5,0,0,0.06654,0.0026628,0.055901,0.00095376,0.12936,0.11264,0.098675,0.17771,0.67724,0.015294,0.926,0.16789,0.44089,0.86397,7
0.28063,0.75,0.5,0.33333,0,0.043726,0.00051164,0.069565,0.0033235,0.10586,0.088331,0.098675,0.13016,0.6791,0.12235,0.75142,0.12297,0.35037,0.93836,7
0.13043,0.77083,0.5,0,0,0.047529,0.0020354,0.053416,0.00087895,0.10948,0.090762,0.10015,0.13718,0.66978,0.11294,0.77609,0.1296,0.36523,0.93273,7
0.62451,0.70417,0.5,0.33333,0,0.053232,0.00088137,0.073292,0.0024498,0.14821,0.13209,0.12003,0.1933,0.67537,0.031765,0.90133,0.18262,0.35886,0.86594,7
0.64427,0.69583,0.5,0.66667,0,0.047529,0.00087017,0.055901,0.0010499,0.16602,0.14749,0.13991,0.21122,0.65299,0.045882,0.90133,0.19956,0.32921,0.87876,7
0.79447,0.82083,0.5,0,0,0.058935,0.001408,0.040994,0.0022041,0.13426,0.11345,0.11708,0.17225,0.64739,0.081176,0.85009,0.16274,0.36887,0.91342,7
0.019763,0.85833,0.5,0,0,0.072243,0.0051389,0.088199,0.009022,0.10147,0.083468,0.088365,0.1325,0.67724,0.092941,0.80076,0.12518,0.39534,0.9079,7
0.88538,0.87917,0.5,0.33333,0,0.051331,0.00048177,0.039752,0.0012396,0.097599,0.078606,0.090574,0.12315,0.67164,0.12118,0.76091,0.11635,0.38573,0.94037,7
0.36759,0.5375,0.5,0,0,0.0057034,3.3612e-05,0.0074534,3.2059e-05,0.021172,0.012966,0.040501,0.0085737,0.77052,0.22941,0.48577,0.040501,0.79788,0.17768,5
0.66403,0.52083,0.5,0,0,0.0095057,6.3489e-05,0.018634,0.00015228,0.014459,0.0048622,0.032401,0.0046765,0.76306,0.22118,0.50664,0.032401,0.87751,0.15945,5
0.47431,0.5125,0.5,0,0,0.0076046,2.9877e-05,0.018634,5.6103e-05,0.011619,0.0048622,0.02651,0.0023383,0.78358,0.20588,0.51044,0.02651,0.93704,0.17309,5
0.16206,0.51667,0.5,0,0,0.013308,0.00015312,0.0099379,0.00011755,0.016783,0.0097245,0.033873,0.005456,0.77985,0.21765,0.49526,0.033873,0.84974,0.17996,5
0.13043,0.5,0.5,0,0,0.011407,0.00017926,0.016149,0.00039807,0.0056804,0.0024311,0.012518,0.0015588,0.8097,0.16588,0.54839,0.012518,0.92593,0.16587,5
0.4585,0.525,0.5,0,0,0.0076046,7.4693e-05,0.014907,0.00012824,0.021689,0.011345,0.041973,0.010133,0.7556,0.23412,0.49336,0.041973,0.77249,0.16269,5
0.21739,0.5375,0.5,0,0,0.032319,0.00046683,0.0062112,4.5417e-05,0.03873,0.026742,0.062592,0.024942,0.73881,0.25529,0.47628,0.062592,0.63925,0.16316,5
0.66798,0.53333,0.5,0,0,0.036122,0.00051164,0.016149,0.00020571,0.029176,0.013776,0.056701,0.014809,0.71828,0.27059,0.47249,0.056701,0.78618,0.15388,5
0.32806,0.5125,0.5,0,0,0.015209,0.00011951,0.016149,0.00010954,0.014717,0.0072934,0.030928,0.0046765,0.77799,0.21294,0.50474,0.030928,0.87407,0.17309,5
0.035573,0.525,0.5,0,0,0.019011,7.4693e-05,0.0062112,1.3358e-05,0.0064549,0.00081037,0.017673,0,0.79291,0.18706,0.53131,0.017673,1,0.16587,5
0.2253,0.5625,0.5,0.33333,0,0.11977,0.0071145,0.055901,0.0033582,0.15853,0.13209,0.20913,0.13016,0.60075,0.41176,0.36433,0.20913,0.42983,0.15433,4
0.85375,0.49583,0.5,0,0,0.079848,0.0025545,0.032298,0.00034196,0.14898,0.11507,0.21134,0.11535,0.55224,0.46588,0.32638,0.21134,0.50544,0.15264,4
0.31621,0.6125,0.5,0,0,0.096958,0.001154,0.032298,0.0012717,0.14666,0.12237,0.19219,0.12159,0.6194,0.38471,0.38899,0.19219,0.41916,0.15134,4
0.50593,0.60833,0.5,0,0,0.08365,0.0035703,0.049689,0.0012396,0.16137,0.1329,0.21208,0.13484,0.58582,0.41294,0.37761,0.21208,0.43024,0.14686,4
0.41897,0.5625,0.5,0,0,0.064639,0.0010158,0.047205,0.00095109,0.14898,0.12237,0.19661,0.12393,0.60261,0.39529,0.38899,0.19661,0.43279,0.1476,4
0.043478,0.59583,0.5,0,0,0.11027,0.0030773,0.052174,0.0023083,0.13736,0.10859,0.18925,0.1099,0.59142,0.41294,0.37192,0.18925,0.47972,0.15137,4
0.2332,0.47917,0.5,0,0,0.028517,0.00061621,0.012422,0.00011755,0.1402,0.11994,0.18115,0.11613,0.64925,0.36118,0.39658,0.18115,0.40594,0.15782,4
0.22925,0.53333,0.5,0,0,0.23574,0.0070211,0.037267,0.00057706,0.11412,0.090762,0.15685,0.091193,0.63619,0.36353,0.40607,0.15685,0.48273,0.15545,4
0.75889,0.59583,0.5,0,0,0.058935,0.0025732,0.04472,0.0013465,0.19623,0.15721,0.26215,0.16368,0.50187,0.49412,0.33207,0.26215,0.45353,0.14322,4
0.22925,0.31667,0.5,0,0.5,0.38213,0.085587,0.29565,0.050514,0.11929,0.089141,0.15538,0.1099,0.58769,0.33294,0.50474,0.15538,0.65204,0.10511,3
0.44664,0.37917,0.5,0,0,0.038023,0.0012399,0.026087,0.00063317,0.028144,0.0072934,0.055965,0.018706,0.68097,0.27176,0.50854,0.055965,0.89122,0.12223,3
0.31621,0.4625,0.5,0,0.5,0.25285,0.065494,0.10807,0.03048,0.046217,0.024311,0.07511,0.036633,0.66791,0.28118,0.50664,0.07511,0.80933,0.1167,3
0.37154,0.54167,0.5,0,0,0.024715,0.00024275,0.016149,0.00010954,0.010844,0.00081037,0.0243,0.0062354,0.76119,0.19882,0.54459,0.0243,0.97778,0.12728,3
0.21344,0.40417,0.5,0,0,0.21863,0.022695,0.075776,0.0072908,0.060418,0.037277,0.09352,0.047545,0.65485,0.30471,0.48197,0.09352,0.70548,0.12904,3
0.14229,0.27083,0.5,0,0,0.060837,0.00092619,0.040994,0.0013064,0.057578,0.027553,0.088365,0.05378,0.60821,0.29294,0.54839,0.088365,0.72301,0.087962,3
0.0039526,0.32083,0.5,0,0,0.12357,0.0072788,0.055901,0.0042238,0.054222,0.025932,0.088365,0.045207,0.62127,0.30824,0.51044,0.088365,0.7547,0.10907,3
0.098814,0.525,0.5,0,0,0.0019011,1.8673e-05,0.0024845,2.1373e-05,0.0018074,0,0.0051546,0,0.8209,0.14824,0.56546,0.0051546,0.77778,0.15945,3
0.26482,0.4,0.5,0.33333,0,0.038023,0.003167,0.024845,0.0018487,0.012393,0.0016207,0.030191,0.0038971,0.7556,0.22,0.51613,0.030191,0.98148,0.1507,3
0.28854,0.49167,0.5,0,0,0.0076046,2.9877e-05,0.0024845,2.1373e-05,0.0036148,0,0.010309,0,0.80784,0.16471,0.55218,0.010309,1,0.15945,3
0.11858,0.2375,0.5,0,0,0.95627,0.20505,0.4087,0.24427,0.32894,0.2812,0.39838,0.30086,0.39925,0.54235,0.35863,0.39838,0.41303,0.12348,3
0.37154,0.35,0.5,0,0,0.024715,0.00082535,0.024845,0.00018167,0.045185,0.017018,0.083211,0.031956,0.625,0.32471,0.48008,0.083211,0.81691,0.12119,3
0.49802,0.55,0.5,0,0,0.051331,0.00012324,0.019876,0.00043814,0.029176,0.006483,0.062592,0.015588,0.66791,0.29882,0.47818,0.062592,0.91538,0.13208,3
0.30435,0.37083,0.5,0,0,0.053232,0.0083656,0.057143,0.0063691,0.032017,0.010535,0.062592,0.020265,0.67537,0.28588,0.49146,0.062592,0.87633,0.1282,3
0.12648,0.54583,0.5,0,0,0.0038023,2.9877e-05,0.0024845,2.1373e-05,0.0002582,0,0.00073638,0,0.83209,0.13412,0.57685,0.00073638,0.11111,0.15945,3
0.5415,0.525,0.5,0.33333,0,0.057034,0.0017926,0.02236,0.00012824,0.053189,0.02269,0.092047,0.041309,0.60634,0.33059,0.48956,0.092047,0.77987,0.11473,3
0.011858,0.35417,0.5,0,0,0.076046,0.0029877,0.034783,0.0016243,0.024787,0.006483,0.051546,0.01403,0.69963,0.26588,0.49905,0.051546,0.91007,0.13425,3
0.42292,0.55417,0.5,0,0,0.013308,0.00015312,0.0049689,5.3432e-05,0.0067131,0,0.019146,0,0.78545,0.19294,0.52941,0.019146,1,0.15945,3
0.51383,0.475,0.5,0,0,0.020913,0.0003772,0.01118,0.0002164,0.0095533,0,0.025773,0.0015588,0.76493,0.21176,0.51992,0.025773,1,0.15341,3
0.37945,0.46667,0.5,0,0,0.013308,1.8673e-05,0.0037267,5.6103e-05,0.0080041,0,0.022828,0,0.77612,0.20471,0.51992,0.022828,1,0.15945,3
0.45059,0.52917,0.5,0,0,0.011407,8.9631e-05,0.0074534,0.00012824,0.0054222,0,0.015464,0,0.79478,0.18118,0.5389,0.015464,1,0.15945,3
0,0.29167,0.5,0,0,0.41635,0.26969,0.20621,0.14813,0.14872,0.10211,0.2025,0.1364,0.46455,0.42471,0.48197,0.2025,0.59528,0.1017,3
0.19763,0.43333,0.5,0,0,0.022814,0.00049297,0.031056,0.00049424,0.018848,0.0040519,0.037555,0.01325,0.72575,0.22588,0.537,0.037555,0.91799,0.11513,3
0.2253,0.40833,0.5,0,0,0.030418,0.00025395,0.063354,0.0012102,0.029951,0.010535,0.055965,0.021044,0.6903,0.26353,0.51233,0.055965,0.86448,0.12765,3
0.11858,0.32083,0.5,0.33333,0,0.030418,0.00061248,0.048447,0.0014346,0.036664,0.011345,0.06701,0.028839,0.64739,0.28588,0.51992,0.06701,0.85138,0.10871,3
0.54941,0.475,0.5,0,0,0.022814,0.00022408,0.059627,0.002725,0.027369,0.011345,0.051546,0.017147,0.71455,0.25412,0.50285,0.051546,0.8532,0.13597,3
0.49407,0.2875,0.5,0,0,0.72053,0.53498,0.77391,0.29531,0.47947,0.44003,0.52725,0.4661,0.40858,0.47412,0.4592,0.52725,0.28962,0.1024,3
0.3913,0.43333,0.5,0.33333,0,0.026616,0.00016432,0.016149,0.00023777,0.019107,0.0024311,0.041237,0.011691,0.71269,0.24235,0.52372,0.041237,0.95437,0.12126,3
0.098814,0.45417,0.5,0,0,0.026616,0.0012847,0.018634,0.0007614,0.0092951,0.00081037,0.022091,0.0038971,0.77239,0.19529,0.5389,0.022091,0.98413,0.14528,3
0.17787,0.32083,0.5,0,0,0.051331,0.0013781,0.034783,0.00091903,0.02298,0.0048622,0.05081,0.010912,0.70149,0.27059,0.48956,0.05081,0.92957,0.13894,3
0.067194,0.32917,0.5,0,0,0.036122,0.0003772,0.014907,0.0001603,0.019623,0.0040519,0.045655,0.0070148,0.72015,0.26118,0.48577,0.045655,0.92615,0.14771,3
0.37154,0.48333,0.5,0,0,0.0076046,7.4693e-05,0.0049689,2.1373e-05,0.0043894,0,0.012518,0,0.80224,0.17176,0.54649,0.012518,1,0.15945,3
0.063241,0.4125,0.5,0.33333,0,0.043726,0.0012735,0.06087,0.0021613,0.027627,0.010535,0.04271,0.028059,0.70709,0.21059,0.58065,0.04271,0.80666,0.071437,3
0.29249,0.4625,0.5,0,0,0.024715,0.00024275,0.018634,0.00028052,0.011103,0,0.029455,0.0023383,0.75373,0.22235,0.51423,0.029455,1,0.14951,3
0.18577,0.3,0.5,0,0,0.077947,0.0040521,0.052174,0.0012182,0.043635,0.016207,0.078792,0.032736,0.6306,0.31059,0.49715,0.078792,0.82735,0.11738,3
0.17391,0.325,0.5,0,0,0.026616,0.00034359,0.017391,0.00034196,0.016008,0.00081037,0.04271,0.0023383,0.72388,0.26353,0.47818,0.04271,0.98611,0.15449,3
0.13439,0.51667,0.5,0,0,0.0076046,0.00011951,0.0049689,8.5491e-05,0.0015492,0,0.0044183,0,0.82276,0.14588,0.56736,0.0044183,0.33333,0.15945,3
0.28458,0.44167,0.5,0,0,0.053232,0.00097101,0.013665,0.00055836,0.0092951,0.0016207,0.023564,0.0015588,0.77799,0.20235,0.52182,0.023564,0.96825,0.15945,3
0.32016,0.45417,0.5,0,0,0.19392,0.047325,0.13292,0.043325,0.048541,0.024311,0.084683,0.033515,0.65112,0.31647,0.46679,0.084683,0.82289,0.13498,3
0.26482,0.38333,0.5,0,0,0.022814,0.0005826,0.024845,0.00069461,0.014975,0.00081037,0.037555,0.0046765,0.73134,0.24353,0.50285,0.037555,0.98765,0.14416,3
0.16996,0.46667,0.5,0,0,0.036122,0.0010046,0.02236,0.00060912,0.010328,0.0016207,0.0243,0.0038971,0.77052,0.20118,0.53131,0.0243,0.9619,0.14814,3
0.019763,0.29167,0.5,0,0.5,0.14068,0.0088137,0.12795,0.020563,0.087013,0.055916,0.12518,0.076383,0.59142,0.33529,0.49715,0.12518,0.62816,0.11006,3
0.20553,0.51667,0.5,0,0,0.019011,0.00020914,0.0074534,6.4118e-05,0.005164,0,0.013991,0.00077942,0.79664,0.17529,0.54649,0.013991,0.88889,0.15222,3
0.54941,0.47083,0.5,0,0,0.034221,0.00044816,0.024845,0.00075873,0.017557,0.0016207,0.040501,0.0085737,0.71828,0.24588,0.51233,0.040501,0.97377,0.13039,3
0.48617,0.075,0.5,0,0,0.034221,0.00071705,0.023602,0.00065455,0.89543,0.86953,0.94698,0.86438,0.3694,0.59059,0.3112,0.94698,0.16562,0.12978,2
0.65217,0.18333,0.5,0,0,0.047528,0.00082536,0.026087,0.00050493,0.86522,0.83063,0.92342,0.83554,0.31903,0.61529,0.32258,0.92342,0.18262,0.12356,2
0.29249,0.15833,0.5,0,0,0.028517,0.00039214,0.026087,0.00050493,0.8882,0.85332,0.94845,0.85659,0.3097,0.63059,0.3074,0.94845,0.1824,0.12529,2
0.75494,0.12083,0.5,0,0,0.041825,0.00020914,0.029814,0.00035265,0.86884,0.83468,0.93152,0.83398,0.3209,0.63765,0.28463,0.93152,0.18575,0.12993,2
0.94071,0.0875,0.5,0,0,0.026616,0.00020914,0.03354,0.00085758,0.84663,0.80389,0.91532,0.81372,0.26866,0.66118,0.29981,0.91532,0.2019,0.12336,2
0.51383,0.016667,0.5,0.33333,0,0.030418,0.0010606,0.042236,0.0015602,0.90731,0.87277,0.96318,0.87997,0.30597,0.61412,0.33776,0.96318,0.17649,0.12074,2
0.6996,0.13333,0.5,0,0,0.039924,0.0011092,0.024845,0.00053432,0.87322,0.8436,0.92931,0.841,0.35075,0.60706,0.30361,0.92931,0.17495,0.12986,2
0.41107,0.2125,0.5,0,0,0.028517,0.00016806,0.026087,0.00060111,0.88175,0.85737,0.93004,0.85269,0.38433,0.57176,0.32638,0.93004,0.16223,0.12906,2
0.36364,0.14583,0.5,0,0,0.072243,0.0016432,0.039752,0.0013037,0.87865,0.84603,0.93446,0.84957,0.32836,0.60706,0.32638,0.93446,0.17719,0.12419,2
0.54941,0.058333,0.5,0,0,0.03422,0.0014789,0.024845,8.549e-05,0.89233,0.859,0.9433,0.86906,0.31903,0.58706,0.36812,0.9433,0.1725,0.11577,2
0.0079051,0.041667,0.5,0,0,0.015209,0.00061248,0.027329,8.549e-05,0.90731,0.88088,0.94919,0.88698,0.36194,0.54706,0.38899,0.94919,0.15668,0.11533,2
0.3083,0.15,0.5,0.33333,0,0.022814,0.00035853,0.02236,0.00083354,0.88097,0.84603,0.93888,0.85191,0.31157,0.61765,0.32638,0.93888,0.18101,0.12228,2
0.2253,0.033333,0.5,0,0,0.055133,0.00042201,0.03354,0.0009217,0.90576,0.8825,0.94551,0.88465,0.38433,0.53647,0.3833,0.94551,0.15181,0.11809,2
0.80237,0.0041667,0.5,0,0,0.026616,0.00052285,0.039752,0.00056638,0.88846,0.84279,0.94845,0.8675,0.23507,0.62941,0.3852,0.94845,0.19252,0.10765,2
0.10277,0.2125,0.5,0,0,0.038023,0.00056767,0.037267,0.00096177,0.87374,0.84441,0.92415,0.84723,0.35261,0.58,0.34535,0.92415,0.16964,0.12254,2
0.30435,0.25417,0.5,0,0,0.038023,0.0010158,0.023603,0.0005263,0.87529,0.84117,0.93152,0.84723,0.31903,0.60824,0.33397,0.93152,0.17933,0.12143,2
0.81028,0.19167,0.5,0,0,0.036122,0.00019794,0.019876,0.00024579,0.85283,0.81199,0.92121,0.81839,0.27985,0.66118,0.28843,0.92121,0.19892,0.12541,2
0.27668,0.70417,0.5,0.33333,0,0.041825,0.00056766,0.067081,0.0013465,0.15569,0.13371,0.14212,0.19096,0.63246,0.10353,0.82922,0.18041,0.32738,0.923,7
0.41897,0.82917,0.5,0,0,0.032319,0.00060128,0.040994,0.00047287,0.10534,0.081848,0.094256,0.13952,0.63806,0.10353,0.82353,0.13181,0.43577,0.92431,7
0.13834,0.96667,0.5,0.33333,0,0.064639,0.0018673,0.04472,0.00051294,0.092951,0.072123,0.080265,0.12627,0.66045,0.092941,0.81784,0.11929,0.45223,0.90865,7
0.67589,0.8625,0.5,0,0,0.087452,0.0024499,0.036025,0.0017445,0.10405,0.08671,0.091311,0.13406,0.68097,0.095294,0.79317,0.12666,0.38646,0.90761,7
0.34783,0.875,0.5,0,0,0.047529,0.0014976,0.032298,0.0011434,0.098115,0.077796,0.082474,0.13406,0.66231,0.08,0.83681,0.12666,0.44601,0.90007,7
0.59684,0.87083,0.5,0,0,0.032319,0.00069091,0.032298,0.0015602,0.10199,0.084279,0.086892,0.13484,0.6791,0.083529,0.81404,0.12739,0.41671,0.89833,7
0.98419,0.67083,0.5,0,0,0.032319,0.00051164,0.029814,0.00051294,0.11206,0.089951,0.099411,0.14653,0.64552,0.097647,0.82543,0.13844,0.40984,0.91694,7
0.51383,0.82083,0.5,0,0,0.047529,0.00042201,0.013665,0.00017365,0.11283,0.093193,0.099411,0.14575,0.66231,0.094118,0.81404,0.1377,0.38317,0.91262,7
0.73123,0.675,0.5,0,0,0.04943,0.00083656,0.047205,0.001432,0.11955,0.098865,0.10309,0.15666,0.65299,0.081176,0.8444,0.14801,0.39643,0.90267,7
0.94862,0.8625,0.5,0,0,0.060837,0.0035255,0.037267,0.00073736,0.058869,0.039708,0.048601,0.088075,0.68284,0.096471,0.78937,0.083211,0.56927,0.90749,7
0.81818,0.95417,0.5,0.33333,0,0.036122,0.00087017,0.054658,0.003612,0.098632,0.079417,0.086156,0.13016,0.66978,0.095294,0.80455,0.12297,0.42162,0.9127,7
0.70356,0.57917,0.5,0,0,0.036122,0.00019794,0.038509,0.0011675,0.13194,0.098055,0.13255,0.16368,0.55784,0.16588,0.80455,0.15464,0.42442,0.97972,7
0.20158,0.725,0.5,0,0,0.057034,0.0014341,0.021118,0.0006866,0.13426,0.10859,0.12077,0.17303,0.61381,0.098824,0.85579,0.16348,0.39646,0.92267,7
0.50198,0.77083,0.5,0,0,0.057034,0.0012548,0.042236,0.0027785,0.13684,0.11426,0.12297,0.17303,0.63433,0.097647,0.83681,0.16348,0.3653,0.92023,7
0.28063,0.87917,0.5,0.33333,0,0.081749,0.0026628,0.036025,0.0016484,0.10431,0.085089,0.086892,0.14108,0.66791,0.072941,0.8425,0.13328,0.42544,0.89397,7
0.8419,0.625,0.5,0,0,0.12738,0.00073573,0.25714,0.013649,0.28195,0.2577,0.32916,0.25487,0.57649,0.42471,0.36812,0.32916,0.29806,0.1419,6
0.7747,0.625,0.5,0,0,0.068441,0.0056019,0.25714,0.071868,0.29538,0.26904,0.34242,0.27046,0.55784,0.42706,0.3833,0.34315,0.27504,0.10889,6
0.73123,0.62917,0.5,0,0,0.055133,0.00060128,0.27702,0.048198,0.30726,0.2731,0.3623,0.28137,0.5,0.46824,0.37571,0.3623,0.30151,0.11038,6
0.74704,0.62917,0.5,0,0,0.072243,0.0040185,0.3118,0.1119,0.28815,0.25527,0.33873,0.26578,0.51493,0.44235,0.40228,0.34021,0.29847,0.092261,6
0.58498,0.63333,0.5,0,0,0.089354,0.012253,0.31304,0.035265,0.29047,0.25851,0.34021,0.26812,0.52052,0.43882,0.40228,0.34021,0.29755,0.11076,6
1,0.61667,0.5,0,0,0.12167,0.0076037,0.33168,0.11015,0.25536,0.22853,0.30633,0.22681,0.56716,0.43647,0.35863,0.30633,0.29485,0.1221,6
0.53755,0.63333,0.5,0,0,0.04943,0.00079174,0.42236,0.0039967,0.27395,0.24635,0.31517,0.25643,0.55597,0.39412,0.43833,0.31517,0.28481,0.10895,6
0.9249,0.32083,0.5,0,0,0.011407,4.4816e-05,0.0099379,5.3432e-05,0.085463,0.055105,0.13991,0.056898,0.59701,0.41294,0.36622,0.13991,0.64177,0.15235,5
0.94071,0.34167,0.5,0,0,0.11787,0.013609,0.023602,0.00062248,0.10044,0.072123,0.15169,0.073266,0.60634,0.40118,0.37571,0.15169,0.577,0.15221,5
0.65613,0.51667,0.5,0,0,0.020913,0.0001083,0.013665,0.00010954,0.2174,0.17504,0.28571,0.1855,0.47201,0.51059,0.33586,0.28571,0.44314,0.13705,5
0.65217,0.4125,0.5,0,0.5,0.020913,0.00024275,0.047205,0.0016564,0.20423,0.16775,0.26804,0.17147,0.51679,0.48588,0.33017,0.26804,0.43182,0.14474,5
0.68379,0.43333,0.5,0,0,0.08365,0.0034359,0.081988,0.0088483,0.20553,0.16856,0.26583,0.17693,0.51306,0.46941,0.36053,0.26583,0.42149,0.13859,5
0.83004,0.4,0.5,0.33333,0,0.087452,0.0022707,0.045963,0.0020331,0.11671,0.0859,0.17084,0.088854,0.58396,0.41882,0.37002,0.17084,0.54717,0.14852,5
0.86166,0.50833,0.5,0,0,0.028517,0.00030251,0.0099379,2.1373e-05,0.068681,0.045381,0.11046,0.046765,0.65112,0.34824,0.41556,0.11046,0.62727,0.152,5
0.96443,0.49167,0.5,0,0,0,0,0,1.1469e-11,0,0,0,0,0.83396,0.13176,0.57875,0,0,0.51105,5
0.94862,0.51667,0.5,0,0,0.0076046,2.9877e-05,0.0037267,5.6103e-05,0.0010328,0,0.0029455,0,0.82649,0.14118,0.57116,0.0029455,0.33333,0.15945,5
0.73518,0.2875,0.5,0,0,0.045627,0.00071705,0.029814,0.00051294,0.28247,0.27553,0.31591,0.25331,0.6959,0.35882,0.35294,0.31591,0.24473,0.18492,4
0.79051,0.475,0.5,0,0,0.034221,0.00044816,0.22236,0.074839,0.29848,0.28525,0.34315,0.26345,0.64739,0.41647,0.3093,0.34315,0.27064,0.17982,4
0.66403,0.37917,0.5,0,0,0.034221,0.00035852,0.019876,0.00021373,0.40589,0.38979,0.46171,0.36165,0.59328,0.49529,0.23719,0.46171,0.25976,0.17772,4
0.78261,0.45417,0.5,0,0,0.11977,0.0041118,0.18634,0.03892,0.27421,0.25851,0.31664,0.24396,0.63806,0.4,0.34535,0.31664,0.27275,0.16745,4
0.083004,0.4375,0.5,0,0,0.013308,0.0001083,0.0074534,9.6177e-05,0.039246,0.049433,0.046392,0.021824,0.89179,0.17529,0.44972,0.048601,0.5754,0.32645,1
0.10672,0.5,0.5,0,0,0.0076046,7.4693e-05,0.017391,0.00014961,0.036148,0.048622,0.039764,0.020265,0.90858,0.15765,0.4611,0.044183,0.56614,0.36422,1
0.29644,0.51667,0.5,0,0,0.015209,0.00011951,0.018634,8.8162e-05,0.034857,0.050243,0.036082,0.018706,0.9291,0.14588,0.4592,0.045655,0.61376,0.39488,1
0.47036,0.52083,0.5,0,0,0.020913,0.00042201,0.02236,0.00032059,0.043635,0.056726,0.047865,0.0265,0.91045,0.16235,0.45161,0.053019,0.52954,0.35583,1
0.11067,0.41667,0.5,0,0,0.013308,0.00024275,0.013665,0.00010954,0.037697,0.050243,0.041973,0.021044,0.90858,0.16118,0.45541,0.045655,0.56415,0.36032,1
0.12253,0.425,0.5,0,0,0.01711,7.8427e-05,0.0062112,0.00010954,0.042861,0.052674,0.051546,0.024162,0.88806,0.18353,0.44023,0.052283,0.56349,0.31372,1
0.051383,0.5125,0.5,0,0,0.013308,6.3489e-05,0.0086957,4.5417e-05,0.036922,0.049433,0.041237,0.020265,0.90858,0.16118,0.45541,0.046392,0.5873,0.35784,1
0.40711,0.4625,0.5,0,0,0.015209,2.9877e-05,0.01118,0.00012022,0.044668,0.059157,0.047865,0.02728,0.91978,0.15765,0.44972,0.053756,0.52006,0.37136,1
0.5415,0.50833,0.5,0,0,0.022814,0.00044816,0.026087,0.00015228,0.044926,0.056726,0.052283,0.025721,0.90112,0.17765,0.43643,0.054492,0.5582,0.33014,1
0.22925,0.41667,0.5,0,0,0.0095057,0.00015312,0.01118,8.8162e-05,0.037955,0.047002,0.046392,0.020265,0.88433,0.18118,0.44782,0.047865,0.60119,0.31272,1
0.61265,0.46667,0.5,0,0,0.013308,0.00015312,0.0086957,4.5417e-05,0.042603,0.058347,0.044919,0.024942,0.9291,0.15294,0.44782,0.053019,0.55578,0.38319,1
0.89723,0.55,0.5,0,0,0.01711,0.00034732,0.014907,0.00022441,0.036922,0.048622,0.041237,0.021044,0.90299,0.16118,0.4611,0.044919,0.55644,0.35748,1
0.047431,0.54583,0.5,0,0,0.013308,6.3489e-05,0.028571,0.00010953,0.032017,0.045381,0.03461,0.016368,0.91604,0.15176,0.463,0.041973,0.63016,0.38072,1
0.24111,0.55417,0.5,0,0,0.0095057,6.3489e-05,0.016149,0.00023777,0.033566,0.04376,0.038292,0.018706,0.89366,0.16235,0.46869,0.041237,0.5746,0.34836,1
0.59289,0.56667,0.5,0,0,0.015209,0.00043322,0.016149,7.7476e-05,0.042086,0.041329,0.061119,0.022603,0.8153,0.23294,0.43454,0.063328,0.65225,0.25783,1
0.88538,0.55,0.5,0,0,0.015209,0.00020914,0.0099379,0.00011755,0.037955,0.049433,0.044919,0.019486,0.90112,0.17412,0.44213,0.046392,0.60185,0.33508,1
0.43874,0.42917,0.5,0,0,0.024715,6.3489e-05,0.014907,3.2059e-05,0.036664,0.047812,0.040501,0.021824,0.89925,0.15882,0.46869,0.044183,0.53439,0.35818,1
0.58103,0.4375,0.5,0,0,0.01711,0.00048177,0.026087,0.00044081,0.042603,0.051864,0.05081,0.024942,0.88433,0.18118,0.44782,0.051546,0.54473,0.31577,1
0.77075,0.49167,0.5,0,0,0.028517,0.00043695,0.014907,0.00012824,0.044152,0.057536,0.048601,0.0265,0.91231,0.16353,0.44782,0.054492,0.54012,0.35446,1
0.94071,0.4625,0.5,0,0,0.0095057,6.3489e-05,0.0074534,0.00012824,0.03873,0.051053,0.044183,0.021044,0.90672,0.16706,0.44782,0.047865,0.58135,0.35099,1
0.41107,0.53333,0.5,0,0,0.0095057,0.0001083,0.018634,0.00037669,0.042603,0.055105,0.047865,0.024942,0.90672,0.16706,0.44782,0.050074,0.53263,0.34889,1
0.28063,0.44583,0.5,0,0,0.0095057,6.3489e-05,0.012422,8.5491e-05,0.038213,0.047812,0.044183,0.022603,0.88806,0.16941,0.463,0.047128,0.54586,0.33422,1
0.78261,0.5375,0.5,0,0,0.015209,0.00025396,0.01118,0.00028052,0.041828,0.054295,0.045655,0.025721,0.90672,0.16,0.4592,0.050074,0.51389,0.35667,1
0.37945,0.4375,0.5,0,0,0.024715,0.00019794,0.012422,0.00014961,0.046217,0.055105,0.055965,0.02728,0.8806,0.18941,0.43833,0.056701,0.54652,0.3039,1
0.90119,0.47083,0.5,0,0,0.030418,7.4693e-05,0.019876,0.00024579,0.041053,0.051864,0.047128,0.024162,0.89552,0.17059,0.45351,0.050074,0.54586,0.33685,1
0.54941,0.475,0.5,0,0,0.0095057,6.3489e-05,0.014907,0.00022441,0.043119,0.053485,0.05081,0.024942,0.89179,0.17882,0.44402,0.051546,0.54563,0.32272,1
0.59289,0.52917,0.5,0,0,0.015209,7.4693e-05,0.0099379,5.3432e-05,0.037955,0.051053,0.041973,0.021044,0.91231,0.16,0.45351,0.046392,0.56746,0.36323,1
0.37945,0.49583,0.5,0,0,0.024715,0.00051164,0.023602,0.00049424,0.040795,0.053485,0.045655,0.023383,0.90858,0.16471,0.44972,0.05081,0.57011,0.34938,1
0.71542,0.5125,0.5,0,0,0.020913,0.00024275,0.016149,4.5417e-05,0.041053,0.055916,0.044183,0.023383,0.92351,0.15647,0.44782,0.052283,0.5776,0.37574,1
0.067194,0.52917,0.5,0,0,0.030418,0.00056766,0.018634,0.0002164,0.040021,0.053485,0.043446,0.023383,0.91418,0.15765,0.45541,0.048601,0.54387,0.36632,1
0.69565,0.49167,0.5,0,0,0.015209,0.00025396,0.024845,0.00021373,0.044668,0.058347,0.049337,0.0265,0.91418,0.16471,0.44402,0.054492,0.54189,0.35782,1
0.071146,0.56667,0.5,0,0,0.0076046,7.4693e-05,0.01118,5.6103e-05,0.028918,0.028363,0.044183,0.01325,0.8209,0.21176,0.463,0.046392,0.71323,0.26332,1
0.13043,0.525,0.5,0,0,0.01711,0.00016806,0.024845,0.00034196,0.040795,0.056726,0.04271,0.023383,0.93097,0.15059,0.44972,0.051546,0.57363,0.38611,1
0.62451,0.41667,0.5,0,0,0.015209,7.4693e-05,0.013665,0.00010954,0.041312,0.055916,0.045655,0.022603,0.92164,0.16235,0.44023,0.05081,0.58135,0.36455,1
0.6917,0.44583,0.5,0,0,0.013308,0.00015312,0.016149,0.00014159,0.042344,0.055916,0.046392,0.024942,0.91418,0.16118,0.44972,0.05081,0.5377,0.36361,1
0.87352,0.42917,0.5,0,0,0.0095057,6.3489e-05,0.0099379,5.3432e-05,0.037955,0.044571,0.048601,0.020265,0.86754,0.19176,0.44782,0.048601,0.60317,0.29037,1
0.29249,0.575,0.5,0,0,0.01711,0.00012324,0.023602,0.00036601,0.052414,0.040519,0.078792,0.035853,0.73507,0.27059,0.45541,0.078792,0.57871,0.17217,1
0.26482,0.2875,0.5,0,0,0.039924,0.00016806,0.038509,0.0012316,0.77434,0.75041,0.84389,0.72253,0.42164,0.64824,0.16509,0.84389,0.19805,0.15873,2
0.97628,0.0083333,0.5,0,0,0.026616,0.00020914,0.024845,0.00021373,0.72579,0.64344,0.85125,0.67108,0.033582,0.90471,0.14611,0.85125,0.31316,0.1271,2
0.37154,0.15,0.5,0,0,0.024715,0.00033238,0.03354,0.00034463,0.74671,0.6799,0.85346,0.6968,0.13433,0.82,0.18027,0.85346,0.27596,0.12979,2
0.65613,0.14167,0.5,0,0,0.032319,0.00073572,0.013665,0.00020571,0.70565,0.63533,0.8218,0.64926,0.12313,0.85529,0.13472,0.8218,0.29741,0.13369,2
0.65217,0.225,0.5,0,0,0.026616,0.00079174,0.016149,0.00023777,0.67854,0.60373,0.80265,0.61808,0.10075,0.88706,0.10626,0.80265,0.31647,0.13515,2
0.20553,0.175,0.5,0,0,0.034221,0.00044816,0.024845,0.0003099,0.78879,0.76094,0.86303,0.73578,0.38993,0.67412,0.1556,0.86303,0.20048,0.15565,2
0.92095,0.19583,0.5,0,0,0.039924,0.00039214,0.02236,0.00038471,0.64937,0.56402,0.78719,0.58457,0.037313,0.94588,0.075901,0.78719,0.34886,0.13394,2
0.71937,0.075,0.5,0,0,0.026616,0.00061248,0.017391,0.0003099,0.71986,0.64749,0.83726,0.66407,0.10448,0.86471,0.13852,0.83726,0.29721,0.13211,2
0.88933,0.3,0.5,0,0,0.030418,0.00052285,0.023602,0.00036601,0.63181,0.54376,0.77467,0.5643,0.024254,0.96588,0.056926,0.77467,0.36206,0.13516,2
0.027668,0.11667,0.5,0.33333,0,0.047529,0.0011391,0.040994,0.00050493,0.79034,0.74797,0.87482,0.74045,0.28918,0.72353,0.17837,0.87482,0.22295,0.14203,2
0.023715,0.15417,0.5,0,0,0.020913,0.0001083,0.029814,0.00025647,0.80713,0.78363,0.87776,0.7537,0.41418,0.66118,0.1518,0.87776,0.19711,0.16009,2
0.47036,0.2625,0.5,0,0,0.011407,8.9632e-05,0.01118,5.6104e-05,0.71004,0.64992,0.81664,0.65394,0.19216,0.81059,0.13662,0.81664,0.27678,0.13827,2
0.54941,0.095833,0.5,0,0,0.01711,0.00012324,0.019876,0.00014961,0.73535,0.66532,0.84389,0.68667,0.11567,0.82588,0.18975,0.84389,0.28352,0.12718,2
0.21739,0.0875,0.5,0,0,0.032319,0.00042201,0.018634,0.00047287,0.78105,0.72366,0.8785,0.73188,0.18843,0.78353,0.18406,0.8785,0.25142,0.13237,2
0.30435,0.2125,0.5,0.33333,0,0.022814,0.00040334,0.036025,0.00062248,0.76711,0.73501,0.83726,0.72253,0.36754,0.64941,0.21822,0.83726,0.20228,0.14417,2
0.37154,0.25,0.5,0,0,0.036122,0.0010942,0.049689,0.0027143,0.73664,0.70502,0.81149,0.68667,0.3806,0.66471,0.18027,0.81149,0.21226,0.15126,2
0.82609,0.15,0.5,0,0,0.01711,0.00021288,0.014907,0.00035265,0.67699,0.60211,0.80486,0.61263,0.10075,0.90471,0.077799,0.80486,0.3201,0.13782,2
0.64822,0.36667,0.5,0,0,0.030418,0.00047803,0.017391,0.00034196,0.65117,0.57618,0.78203,0.58379,0.10821,0.91294,0.056926,0.78203,0.33042,0.14042,2
0.098814,0.32917,0.5,0,0,0.020913,0.0003772,0.028571,0.00020571,0.78854,0.77066,0.85052,0.73889,0.45896,0.61529,0.18027,0.85052,0.18179,0.16213,2
0.917,0.29167,0.5,0,0,0.020913,0.00033238,0.023603,0.00039807,0.63026,0.55186,0.77172,0.55495,0.091418,0.95882,0,0.77172,0.35004,0.14469,2
0.76285,0.25417,0.5,0,0,0.034221,0.00040334,0.026087,0.00082552,0.65143,0.5778,0.77614,0.58924,0.11754,0.88353,0.094877,0.77614,0.32342,0.13739,2
0.917,0.72083,0.5,0,0,0.01711,7.8427e-05,0.017391,0.00056638,0.082623,0.071313,0.065538,0.11146,0.72948,0.069412,0.78558,0.1053,0.40556,0.86841,7
0.42292,0.8375,0.5,0,0,0.068441,0.0014341,0.034783,0.001432,0.056029,0.04376,0.044919,0.079501,0.73134,0.091765,0.74763,0.07511,0.51339,0.88755,7
0.93281,0.75,0.5,0,0,0.034221,0.00031371,0.03354,0.00072934,0.051123,0.038898,0.036082,0.078722,0.73321,0.071765,0.77799,0.074374,0.53582,0.86737,7
0.16206,0.7875,0.5,0,0,0.019011,0.00043322,0.0099379,0.00018167,0.053705,0.042139,0.039028,0.080281,0.73694,0.074118,0.7704,0.075847,0.51532,0.86482,7
0.0039526,0.975,0.5,0,0,0.064639,0.002181,0.070807,0.0023644,0.044668,0.045381,0.039764,0.049104,0.82463,0.11882,0.60911,0.047865,0.19105,0.80596,7
0.86561,0.87083,0.5,0.33333,0,0.077947,0.0011391,0.050932,0.0029949,0.044926,0.041329,0.035346,0.058457,0.79478,0.096471,0.67552,0.055228,0.42735,0.84419,7
0.47431,0.94167,0.5,0,0,0.045627,0.0011652,0.034783,0.00056638,0.052156,0.044571,0.033873,0.078722,0.76493,0.056471,0.7704,0.074374,0.55723,0.83648,7
0.21739,0.96667,0.5,0,0,0.076046,0.0053181,0.057143,0.00059844,0.045185,0.037277,0.032401,0.066251,0.76493,0.081176,0.73055,0.062592,0.52544,0.85246,7
0.59684,0.98333,0.5,0,1,0.055133,0.0012287,0.15901,0.0031311,0.15285,0.15397,0.16642,0.13718,0.79291,0.23294,0.45731,0.16642,0.21579,0.21634,7
0.28854,0.85,0.5,0,0,0.015209,7.4693e-05,0.01118,8.8162e-05,0.048283,0.037277,0.029455,0.078722,0.74254,0.052941,0.79886,0.074374,0.6037,0.84533,7
0.78261,0.87083,0.5,0,0,0.039924,0.00084029,0.019876,0.00034196,0.046217,0.038898,0.033137,0.06703,0.76866,0.08,0.72865,0.063328,0.5039,0.852,7
0.67984,0.86667,0.5,0,0,0.095057,0.0035255,0.063354,0.0047688,0.038988,0.029984,0.028719,0.058457,0.75933,0.091765,0.71917,0.055228,0.56125,0.87172,7
0.77075,0.97083,0.5,0,0,0.043726,0.00055646,0.080745,0.0050146,0.053963,0.048622,0.046392,0.06703,0.77985,0.10824,0.67173,0.063328,0.38337,0.90399,7
0,0.74167,0.5,0,0,0.047528,0.00046683,0.27702,0.061022,0.16447,0.15397,0.1944,0.14263,0.70896,0.31412,0.41176,0.1944,0.2331,0.17198,6
0.53755,0.7125,0.5,0,0,0.062738,0.0038878,0.080745,0.0066496,0.24348,0.22934,0.28424,0.21356,0.65858,0.38471,0.34915,0.28424,0.28576,0.17511,6
0.17391,0.7375,0.5,0,0,0.08365,0.0027636,0.069565,0.0054394,0.23238,0.21637,0.27393,0.20343,0.64925,0.38588,0.35674,0.27393,0.29987,0.16846,6
0.45455,0.72083,0.5,0,0,0.076046,0.0021362,0.23727,0.032521,0.22102,0.20989,0.25184,0.19875,0.68657,0.33176,0.40607,0.25405,0.25072,0.13912,6
0.14625,0.74167,0.5,0,0,0.034221,0.00022408,0.13913,0.024034,0.20269,0.19206,0.23343,0.18005,0.6959,0.32706,0.40417,0.23343,0.27121,0.16704,6
0.80632,0.69167,0.5,0,0,0.096958,0.0097138,0.19006,0.012527,0.22618,0.20746,0.2673,0.20031,0.63246,0.38235,0.37951,0.2673,0.29636,0.15494,6
0.48221,0.71667,0.5,0,0,0.038023,0.0006573,0.14161,0.026641,0.22489,0.21475,0.2592,0.19797,0.69216,0.34941,0.37192,0.2592,0.26644,0.1802,6
0.059289,0.74583,0.5,0,0,0.12928,0.0069315,0.1913,0.053143,0.20656,0.19044,0.24448,0.18161,0.65672,0.36235,0.3871,0.24448,0.30039,0.14832,6
0.64032,0.70417,0.5,0,0,0.060837,0.0011951,0.20497,0.046125,0.21172,0.20016,0.2408,0.19174,0.68657,0.32118,0.42315,0.2408,0.23849,0.13885,6
0.0039526,0.74583,0.5,0,0,0.087452,0.001464,0.055901,0.0021399,0.22076,0.20421,0.26583,0.18862,0.64925,0.4,0.33397,0.26583,0.32901,0.17389,6
0.3004,0.725,0.5,0,0,0.10076,0.007727,0.13913,0.023168,0.22696,0.21313,0.26289,0.20187,0.66604,0.35765,0.3852,0.26289,0.27036,0.16098,6
0.18182,0.74167,0.5,0,0,0.077947,0.0045899,0.13168,0.010537,0.20656,0.1953,0.24227,0.17927,0.6903,0.35176,0.37002,0.24227,0.29741,0.18292,6
0.58893,0.5875,0.5,0,0,0.0038023,2.9877e-05,0.045963,0.0025781,0.0095533,0.0072934,0.015464,0.005456,0.8153,0.16235,0.54839,0.015464,0.53704,0.17406,5
0.84585,0.59167,0.5,0,0.5,0.673,0.0081116,0.024845,0.0028105,0.058094,0.038898,0.089102,0.043648,0.68284,0.29412,0.47059,0.089102,0.76958,0.15114,5
0.16601,0.5875,0.5,0,0,0.06654,0.0017217,0.027329,0.00059844,0.010586,0.0072934,0.019146,0.0046765,0.80784,0.17529,0.5351,0.019146,0.64868,0.1865,5
0.019763,0.59583,0.5,0,0,0.0038023,2.9877e-05,0.0024845,2.1373e-05,0.0005164,0,0.0014728,0,0.83022,0.13647,0.57495,0.0014728,0.22222,0.15945,5
0.59684,0.6,0.5,0,0,0.01711,0.00061621,0.24099,0.095077,0.050865,0.038898,0.072901,0.038971,0.73507,0.24941,0.48956,0.072901,0.5,0.15589,5
0.027668,0.62917,0.5,0.33333,0,0.055133,0.0020802,0.0074534,9.6177e-05,0.058353,0.048622,0.079529,0.045207,0.74813,0.24706,0.48008,0.079529,0.48481,0.16775,4
0.58893,0.6125,0.5,0,0,0.074145,0.001647,0.031056,0.00030189,0.058869,0.051053,0.081001,0.042868,0.76119,0.25176,0.4592,0.081001,0.50309,0.18479,4
0.48617,0.62917,0.5,0.33333,0,0.047529,0.0011391,0.04472,0.00064118,0.069972,0.058347,0.096465,0.053001,0.73134,0.27529,0.45161,0.096465,0.47993,0.17037,4
